iter, episode, ep_real_reward, reward, loss, epsilon 
128, 0, 7.0, 1.0, 0, 1.0 
255, 1, 10.0, -1.0, 0, 1.0 
404, 2, 10.0, 0.0, 0, 1.0 
561, 3, 9.0, 0.0, 0, 1.0 
676, 4, 9.0, 1.0, 0, 1.0 
823, 5, 8.0, 1.0, 0, 1.0 
945, 6, 9.0, 1.0, 0, 1.0 
1109, 7, 11.0, 1.0, 0, 1.0 
1292, 8, 8.0, 0.0, 0, 1.0 
1495, 9, 10.0, 1.0, 0, 1.0 
1652, 10, 12.0, 0.0, 0, 1.0 
1767, 11, 8.0, 0.0, 0, 1.0 
1918, 12, 7.0, -1.0, 0, 1.0 
2047, 13, 8.0, 0.0, 0, 1.0 
2224, 14, 8.0, 0.0, 0, 1.0 
2374, 15, 7.0, -0.5, 0, 1.0 
2517, 16, 10.0, 0.0, 0, 1.0 
2659, 17, 10.0, 0.0, 0, 1.0 
2782, 18, 6.0, 0.0, 0, 1.0 
2911, 19, 6.0, 1.0, 0, 1.0 
3077, 20, 9.0, 0.0, 0, 1.0 
3226, 21, 11.0, 0.0, 0, 1.0 
3344, 22, 7.0, 0.0, 0, 1.0 
3501, 23, 10.0, 0.0, 0, 1.0 
3685, 24, 8.0, 1.0, 0, 1.0 
3829, 25, 9.0, 0.0, 0, 1.0 
3990, 26, 10.0, 0.0, 0, 1.0 
4128, 27, 12.0, 0.0, 0, 1.0 
4245, 28, 8.0, 0.0, 0, 1.0 
4406, 29, 8.0, 0.0, 0, 1.0 
4581, 30, 9.0, 1.0, 0, 1.0 
4685, 31, 10.0, 1.0, 0, 1.0 
4802, 32, 6.0, 1.0, 0, 1.0 
4938, 33, 9.0, 1.0, 0, 1.0 
5083, 34, 11.0, 0.0, 0, 1.0 
5205, 35, 9.0, 0.0, 0, 1.0 
5349, 36, 5.0, 0.0, 0, 1.0 
5492, 37, 8.0, 0.0, 0, 1.0 
5604, 38, 7.0, 1.0, 0, 1.0 
5768, 39, 5.0, 0.0, 0, 1.0 
5937, 40, 12.0, 1.0, 0, 1.0 
6095, 41, 8.0, 0.0, 0, 1.0 
6255, 42, 10.0, -1.0, 0, 1.0 
6362, 43, 9.0, 0.0, 0, 1.0 
6504, 44, 10.0, 0.0, 0, 1.0 
6628, 45, 7.0, 1.0, 0, 1.0 
6769, 46, 8.0, 1.0, 0, 1.0 
6854, 47, 8.0, 1.0, 0, 1.0 
7022, 48, 7.0, 1.0, 0, 1.0 
7178, 49, 7.0, 1.0, 0, 1.0 
7299, 50, 7.0, 1.0, 0, 1.0 
7409, 51, 5.0, 0.0, 0, 1.0 
7575, 52, 8.0, 0.0, 0, 1.0 
7697, 53, 8.0, 1.0, 0, 1.0 
7824, 54, 7.0, 0.0, 0, 1.0 
7947, 55, 12.0, 0.0, 0, 1.0 
8099, 56, 8.0, 0.0, 0, 1.0 
8247, 57, 9.0, 0.0, 0, 1.0 
8364, 58, 7.0, 1.0, 0, 1.0 
8551, 59, 8.0, 0.0, 0, 1.0 
8748, 60, 9.0, 0.0, 0, 1.0 
8899, 61, 9.0, 0.0, 0, 1.0 
9070, 62, 10.0, 0.0, 0, 1.0 
9157, 63, 8.0, 1.0, 0, 1.0 
9342, 64, 10.0, 0.0, 0, 1.0 
9510, 65, 8.0, 0.0, 0, 1.0 
9669, 66, 10.0, 0.0, 0, 1.0 
9823, 67, 6.0, 0.0, 0, 1.0 
9985, 68, 7.0, 1.0, 0, 1.0 
10097, 69, 9.0, 0.0, 0.17288923263549805, 0.8911262424060329 
10214, 70, 8.0, 1.0, 0.30382025241851807, 0.7743328316284621 
10302, 71, 7.0, 0.0, 0.013242309913039207, 0.6966884929894798 
10392, 72, 7.0, 0.0, 0.17126332223415375, 0.6253262625199449 
10501, 73, 9.0, 1.0, 0.47324395179748535, 0.5486139413205896 
10625, 74, 9.0, 0.0, 0.1570987105369568, 0.47272113084068873 
10714, 75, 7.0, 1.0, 0.4514648914337158, 0.42480978665362285 
10824, 76, 9.0, 0.0, 0.16316428780555725, 0.372248724280211 
10942, 77, 10.0, 0.0, 0.3155869245529175, 0.32307264869022895 
11042, 78, 10.0, 0.0, 0.4332590699195862, 0.28651908803113696 
11165, 79, 10.0, 0.0, 0.5945289731025696, 0.24717992875101136 
11287, 80, 10.0, 1.0, 0.6021243333816528, 0.21349824608552795 
11435, 81, 15.0, 0.0, 0.5961399674415588, 0.1787381654758232 
11598, 82, 11.0, 1.0, 0.4608497619628906, 0.14696647775373423 
11753, 83, 9.0, 1.0, 0.16209259629249573, 0.1220087579852512 
11960, 84, 12.0, 0.0, 0.012083234265446663, 0.09515847594362349 
12111, 85, 8.0, 0.0, 0.013825733214616776, 0.07937908040171077 
12267, 86, 7.0, 0.0, 0.2829974889755249, 0.06581991503138233 
12463, 87, 8.0, 1.0, 0.03038087487220764, 0.052017553014497585 
12624, 88, 6.0, 0.0, 0.020894667133688927, 0.05 
13020, 89, 15.0, 0.0, 0.3097154498100281, 0.05 
13182, 90, 9.0, 0.0, 0.016803596168756485, 0.05 
13309, 91, 6.0, 0.0, 0.4507770538330078, 0.05 
13525, 92, 12.0, 0.0, 0.035794537514448166, 0.05 
13688, 93, 9.0, 1.0, 0.47124141454696655, 0.05 
13852, 94, 8.0, 1.0, 0.5724099278450012, 0.05 
14016, 95, 11.0, 1.0, 0.3188864588737488, 0.05 
14208, 96, 8.0, 0.0, 0.14671649038791656, 0.05 
14367, 97, 9.0, 0.0, 0.2875773310661316, 0.05 
14548, 98, 8.0, 0.0, 0.15417973697185516, 0.05 
14810, 99, 12.0, 1.0, 0.5577216148376465, 0.05 
14985, 100, 14.0, 0.0, 0.15403501689434052, 0.05 
15144, 101, 11.0, 0.0, 0.01958402246236801, 0.05 
15391, 102, 11.0, -1.0, 0.01310572400689125, 0.05 
15526, 103, 11.0, 1.0, 0.16196942329406738, 0.05 
15761, 104, 17.0, 1.0, 0.12939004600048065, 0.05 
15936, 105, 10.0, 1.0, 0.01742948219180107, 0.05 
16063, 106, 9.0, 1.0, 0.5545817017555237, 0.05 
16260, 107, 13.0, 0.0, 0.4437936842441559, 0.05 
16442, 108, 9.0, 0.0, 0.324691504240036, 0.05 
16655, 109, 15.0, 1.0, 0.1652781218290329, 0.05 
16781, 110, 13.0, 1.0, 0.038532014936208725, 0.05 
16977, 111, 15.0, -1.0, 0.20011144876480103, 0.05 
17142, 112, 9.0, 1.0, 0.011276833713054657, 0.05 
17291, 113, 12.0, 0.0, 0.029159754514694214, 0.05 
17487, 114, 22.0, 1.0, 0.32560980319976807, 0.05 
17613, 115, 11.0, 1.0, 0.43350473046302795, 0.05 
17761, 116, 15.0, 0.0, 0.26994284987449646, 0.05 
17959, 117, 21.0, 0.0, 0.16630996763706207, 0.05 
18147, 118, 14.0, 1.0, 0.031989164650440216, 0.05 
18249, 119, 13.0, 0.0, 0.16149073839187622, 0.05 
18439, 120, 18.0, 0.0, 0.29876792430877686, 0.05 
18569, 121, 13.0, 0.0, 0.3381688892841339, 0.05 
18777, 122, 21.0, 1.0, 0.4620688259601593, 0.05 
18935, 123, 17.0, 0.0, 0.3147391676902771, 0.05 
19076, 124, 10.0, 0.0, 0.3088702857494354, 0.05 
19209, 125, 15.0, -1.0, 0.4307916462421417, 0.05 
19338, 126, 15.0, 1.0, 0.053659163415431976, 0.05 
19473, 127, 16.0, 1.0, 0.014553973451256752, 0.05 
19604, 128, 9.0, 0.0, 0.18641120195388794, 0.05 
19767, 129, 8.0, 1.0, 0.2810363471508026, 0.05 
19942, 130, 13.0, 0.0, 0.16094441711902618, 0.05 
20037, 131, 12.0, 1.0, 0.037971336394548416, 0.05 
20173, 132, 15.0, 1.0, 0.03292439877986908, 0.05 
20356, 133, 21.0, 1.0, 0.15972334146499634, 0.05 
20483, 134, 15.0, 1.0, 0.40704965591430664, 0.05 
20607, 135, 13.0, 0.0, 0.336241751909256, 0.05 
20731, 136, 13.0, 1.0, 0.45223304629325867, 0.05 
20874, 137, 14.0, 0.0, 0.4362547993659973, 0.05 
20978, 138, 10.0, 0.0, 0.025550110265612602, 0.05 
21119, 139, 14.0, 0.0, 0.16451020538806915, 0.05 
21203, 140, 11.0, 0.0, 0.035605039447546005, 0.05 
21326, 141, 12.0, 1.0, 0.6246895790100098, 0.05 
21482, 142, 19.0, 1.0, 0.1708836704492569, 0.05 
21599, 143, 13.0, 1.0, 0.64580899477005, 0.05 
21711, 144, 14.0, 1.0, 0.20008575916290283, 0.05 
21819, 145, 11.0, 1.0, 0.3064136505126953, 0.05 
21922, 146, 13.0, 0.0, 0.03563506901264191, 0.05 
22052, 147, 14.0, 1.0, 0.42565321922302246, 0.05 
22204, 148, 16.0, -1.0, 0.38590043783187866, 0.05 
22386, 149, 23.0, 0.0, 0.309087336063385, 0.05 
22513, 150, 16.0, 0.0, 0.12792783975601196, 0.05 
22602, 151, 11.0, 1.0, 0.21820218861103058, 0.05 
22739, 152, 18.0, 0.0, 0.5191150903701782, 0.05 
22852, 153, 11.0, 0.0, 0.43987566232681274, 0.05 
22954, 154, 13.0, 1.0, 0.06083022058010101, 0.05 
23160, 155, 18.0, 1.0, 0.4780099093914032, 0.05 
23315, 156, 13.0, 0.0, 0.46354541182518005, 0.05 
23482, 157, 20.0, 1.0, 0.14878076314926147, 0.05 
23658, 158, 25.0, -1.0, 0.47009825706481934, 0.05 
23817, 159, 21.0, 1.0, 0.2961839437484741, 0.05 
23927, 160, 13.0, 1.0, 0.04769621789455414, 0.05 
24079, 161, 15.0, 0.0, 0.05685967206954956, 0.05 
24245, 162, 19.0, 0.0, 0.30511635541915894, 0.05 
24465, 163, 28.0, 1.0, 0.24560369551181793, 0.05 
24684, 164, 28.0, 0.0, 0.5052132606506348, 0.05 
24872, 165, 20.0, 0.0, 0.172991544008255, 0.05 
25008, 166, 20.0, 1.0, 0.3166568875312805, 0.05 
25163, 167, 18.0, 0.0, 0.46245771646499634, 0.05 
25391, 168, 25.0, 1.0, 0.21427956223487854, 0.05 
25598, 169, 23.0, 0.0, 0.1791325956583023, 0.05 
25709, 170, 11.0, 1.0, 0.1729820966720581, 0.05 
25934, 171, 24.0, 1.0, 0.16657337546348572, 0.05 
26066, 172, 15.0, 1.0, 0.495063841342926, 0.05 
26189, 173, 13.0, 0.0, 0.7460174560546875, 0.05 
26351, 174, 17.0, 0.0, 0.31402772665023804, 0.05 
26596, 175, 30.0, 1.0, 0.07720185071229935, 0.05 
26720, 176, 13.0, 0.0, 0.33541038632392883, 0.05 
26912, 177, 21.0, 0.0, 0.34912848472595215, 0.05 
27068, 178, 25.0, 1.0, 0.0806782990694046, 0.05 
27216, 179, 17.0, 1.0, 0.40460312366485596, 0.05 
27410, 180, 19.0, 0.0, 0.3738445043563843, 0.05 
27596, 181, 21.0, 0.0, 0.28732559084892273, 0.05 
27835, 182, 27.0, 1.0, 0.2916256785392761, 0.05 
27976, 183, 19.0, 1.0, 0.3974924087524414, 0.05 
28111, 184, 18.0, 1.0, 0.5169010162353516, 0.05 
28269, 185, 23.0, 1.0, 0.10948628932237625, 0.05 
28491, 186, 26.0, 0.0, 0.0665668249130249, 0.05 
28649, 187, 24.0, 0.0, 0.16919708251953125, 0.05 
28813, 188, 21.0, 0.0, 0.15602506697177887, 0.05 
29059, 189, 31.0, 1.0, 0.15772682428359985, 0.05 
29198, 190, 19.0, 0.0, 0.4280867874622345, 0.05 
29361, 191, 20.0, -1.0, 0.320354163646698, 0.05 
29506, 192, 21.0, 0.0, 0.19525794684886932, 0.05 
29724, 193, 33.0, 0.0, 0.12654650211334229, 0.05 
29925, 194, 29.0, 0.0, 0.3552718758583069, 0.05 
30090, 195, 22.0, 0.0, 0.21291659772396088, 0.05 
30308, 196, 26.0, 0.0, 0.31716388463974, 0.05 
30458, 197, 18.0, 1.0, 0.03695815056562424, 0.05 
30653, 198, 23.0, 0.0, 0.17601753771305084, 0.05 
30800, 199, 25.0, 0.0, 0.3796115517616272, 0.05 
30974, 200, 29.0, 1.0, 0.3376370966434479, 0.05 
31180, 201, 31.0, 0.0, 0.5108720064163208, 0.05 
31395, 202, 27.0, 1.0, 0.3410695493221283, 0.05 
31604, 203, 33.0, 0.0, 0.07666860520839691, 0.05 
31831, 204, 33.0, 1.0, 0.23287688195705414, 0.05 
31990, 205, 22.0, 0.0, 0.2811705470085144, 0.05 
32183, 206, 24.0, 0.0, 0.4598723351955414, 0.05 
32372, 207, 27.0, 0.0, 0.1731262505054474, 0.05 
32541, 208, 20.0, 1.0, 0.24412138760089874, 0.05 
32727, 209, 31.0, 0.0, 0.24863044917583466, 0.05 
32937, 210, 30.0, 0.0, 0.29753708839416504, 0.05 
33086, 211, 16.0, 1.0, 0.03858976066112518, 0.05 
33259, 212, 27.0, 1.0, 0.04721891134977341, 0.05 
33400, 213, 22.0, -0.5, 0.30672043561935425, 0.05 
33546, 214, 15.0, 0.0, 0.3099793493747711, 0.05 
33722, 215, 27.0, 0.0, 0.1907704919576645, 0.05 
33880, 216, 22.0, 1.0, 0.06455652415752411, 0.05 
34063, 217, 30.0, 1.0, 0.06021886691451073, 0.05 
34285, 218, 36.0, 0.0, 0.30878961086273193, 0.05 
34453, 219, 28.0, 0.0, 0.1875552237033844, 0.05 
34610, 220, 23.0, 1.0, 0.1689569354057312, 0.05 
34805, 221, 32.0, 0.0, 0.10929127782583237, 0.05 
34952, 222, 24.0, 1.0, 0.09581909328699112, 0.05 
35151, 223, 32.0, 0.0, 0.09255923330783844, 0.05 
35368, 224, 38.0, 1.0, 0.21941837668418884, 0.05 
35600, 225, 39.0, 1.0, 0.037226513028144836, 0.05 
35784, 226, 26.0, 1.0, 0.1674715131521225, 0.05 
36006, 227, 33.0, 0.0, 0.05934101343154907, 0.05 
36119, 228, 13.0, 1.0, 0.38185936212539673, 0.05 
36327, 229, 33.0, 1.0, 0.21397040784358978, 0.05 
36518, 230, 31.0, 1.0, 0.17481064796447754, 0.05 
36733, 231, 29.0, 1.0, 0.17375899851322174, 0.05 
36953, 232, 40.0, 0.0, 0.250759482383728, 0.05 
37118, 233, 30.0, 1.0, 0.15118557214736938, 0.05 
37383, 234, 25.0, 0.0, 0.4251578450202942, 0.05 
37598, 235, 35.0, 0.0, 0.1404878944158554, 0.05 
37829, 236, 33.0, 1.0, 0.06942570954561234, 0.05 
38020, 237, 29.0, 1.0, 0.045507222414016724, 0.05 
38234, 238, 36.0, 1.0, 0.03529536724090576, 0.05 
38425, 239, 33.0, 1.0, 0.24584338068962097, 0.05 
38667, 240, 33.0, 0.0, 0.23837043344974518, 0.05 
38854, 241, 29.0, 1.0, 0.19481894373893738, 0.05 
39042, 242, 27.0, 1.0, 0.39640364050865173, 0.05 
39217, 243, 28.0, 1.0, 0.7890973687171936, 0.05 
39426, 244, 37.0, 0.0, 0.22143149375915527, 0.05 
39601, 245, 26.0, 0.0, 0.3612213730812073, 0.05 
39775, 246, 30.0, 1.0, 0.17148186266422272, 0.05 
39987, 247, 38.0, 1.0, 0.26978039741516113, 0.05 
40177, 248, 29.0, 1.0, 0.06559109687805176, 0.05 
40327, 249, 21.0, 0.0, 0.3081984519958496, 0.05 
40558, 250, 37.0, 1.0, 0.34059572219848633, 0.05 
40708, 251, 24.0, 0.0, 0.08059867471456528, 0.05 
40863, 252, 21.0, 0.0, 0.39754292368888855, 0.05 
41025, 253, 21.0, 0.0, 0.23953266441822052, 0.05 
41141, 254, 18.0, -1.0, 0.2278662919998169, 0.05 
41318, 255, 33.0, 1.0, 0.45434701442718506, 0.05 
41480, 256, 21.0, 0.0, 0.0805261880159378, 0.05 
41670, 257, 36.0, 1.0, 0.07159953564405441, 0.05 
41854, 258, 30.0, 1.0, 0.3293106257915497, 0.05 
42047, 259, 33.0, 0.0, 0.2554375231266022, 0.05 
42265, 260, 29.0, 0.0, 0.2273551970720291, 0.05 
42444, 261, 31.0, 1.0, 0.47272998094558716, 0.05 
42680, 262, 37.0, 1.0, 0.10773884505033493, 0.05 
42879, 263, 33.0, 0.0, 0.1077398955821991, 0.05 
43085, 264, 35.0, 0.0, 0.19768625497817993, 0.05 
43273, 265, 29.0, 0.0, 0.18620076775550842, 0.05 
43536, 266, 29.0, 0.0, 0.0607614666223526, 0.05 
43741, 267, 35.0, 1.0, 0.07956849038600922, 0.05 
43954, 268, 35.0, 0.0, 0.3319016098976135, 0.05 
44154, 269, 31.0, 1.0, 0.14427146315574646, 0.05 
44327, 270, 31.0, 1.0, 0.24857160449028015, 0.05 
44567, 271, 31.0, 1.0, 0.19979353249073029, 0.05 
44777, 272, 35.0, 1.0, 0.3061794340610504, 0.05 
44906, 273, 26.0, 1.0, 0.12058044224977493, 0.05 
45079, 274, 37.0, 1.0, 0.3783169388771057, 0.05 
45326, 275, 39.0, 1.0, 0.04825568199157715, 0.05 
45551, 276, 37.0, 1.0, 0.05150927975773811, 0.05 
45774, 277, 30.0, 0.0, 0.07031327486038208, 0.05 
45965, 278, 30.0, 1.0, 0.2451092004776001, 0.05 
46209, 279, 42.0, 1.0, 0.0755704939365387, 0.05 
46426, 280, 36.0, 0.0, 0.35975801944732666, 0.05 
46603, 281, 26.0, 1.0, 0.3476071059703827, 0.05 
46774, 282, 30.0, 1.0, 0.21591496467590332, 0.05 
46994, 283, 39.0, 0.0, 0.46425315737724304, 0.05 
47154, 284, 31.0, 1.0, 0.17827269434928894, 0.05 
47407, 285, 39.0, 1.0, 0.2171863615512848, 0.05 
47615, 286, 37.0, 1.0, 0.4767170548439026, 0.05 
47792, 287, 32.0, 0.0, 0.19617925584316254, 0.05 
47994, 288, 32.0, 1.0, 0.359713613986969, 0.05 
48227, 289, 34.0, 0.0, 0.41077494621276855, 0.05 
48474, 290, 35.0, 1.0, 0.2125868946313858, 0.05 
48678, 291, 35.0, 1.0, 0.05820830911397934, 0.05 
48899, 292, 32.0, 1.0, 0.17579355835914612, 0.05 
49091, 293, 34.0, 1.0, 0.11358412355184555, 0.05 
49349, 294, 38.0, 1.0, 0.1733989715576172, 0.05 
49572, 295, 36.0, -1.0, 0.4986993074417114, 0.05 
49832, 296, 35.0, 1.0, 0.061195008456707, 0.05 
50063, 297, 41.0, 1.0, 0.1557495892047882, 0.05 
50291, 298, 41.0, 1.0, 0.5595595836639404, 0.05 
50482, 299, 32.0, -1.0, 0.2783299386501312, 0.05 
50779, 300, 36.0, 0.0, 0.1824204921722412, 0.05 
51049, 301, 38.0, 1.0, 0.47812575101852417, 0.05 
51252, 302, 25.0, -1.0, 0.06718988716602325, 0.05 
51430, 303, 29.0, 1.0, 0.11685384809970856, 0.05 
51666, 304, 35.0, -1.0, 0.0705316960811615, 0.05 
51895, 305, 39.0, 1.0, 0.06094265356659889, 0.05 
52078, 306, 32.0, 1.0, 0.29826176166534424, 0.05 
52283, 307, 33.0, 0.0, 0.0761319175362587, 0.05 
52523, 308, 38.0, 0.0, 0.04949859529733658, 0.05 
52711, 309, 33.0, 1.0, 0.2127637416124344, 0.05 
52949, 310, 32.0, 0.0, 0.1007298082113266, 0.05 
53204, 311, 33.0, 0.0, 0.21887417137622833, 0.05 
53443, 312, 40.0, 1.0, 0.32668188214302063, 0.05 
53754, 313, 34.0, 0.0, 0.1618981957435608, 0.05 
53959, 314, 33.0, 0.0, 0.5147911310195923, 0.05 
54182, 315, 42.0, 1.0, 0.3606957793235779, 0.05 
54421, 316, 36.0, 0.0, 0.6225845813751221, 0.05 
54704, 317, 36.0, 1.0, 0.20544221997261047, 0.05 
54931, 318, 35.0, 1.0, 0.2143973708152771, 0.05 
55193, 319, 35.0, 1.0, 0.11137782037258148, 0.05 
55452, 320, 36.0, 1.0, 0.15809592604637146, 0.05 
55657, 321, 36.0, 1.0, 0.07301361113786697, 0.05 
55848, 322, 28.0, 0.0, 0.14692427217960358, 0.05 
56072, 323, 43.0, 1.0, 0.07079857587814331, 0.05 
56280, 324, 37.0, 1.0, 0.09901604056358337, 0.05 
56565, 325, 39.0, 1.0, 0.33979332447052, 0.05 
56809, 326, 36.0, -1.0, 0.07791363447904587, 0.05 
57028, 327, 36.0, 0.0, 0.3582366108894348, 0.05 
57275, 328, 38.0, 0.0, 0.06964904814958572, 0.05 
57504, 329, 32.0, -1.0, 0.5534777045249939, 0.05 
57715, 330, 39.0, 1.0, 0.0693398267030716, 0.05 
57938, 331, 43.0, 1.0, 0.05719032883644104, 0.05 
58208, 332, 36.0, 1.0, 0.23668234050273895, 0.05 
58466, 333, 39.0, 1.0, 0.07055355608463287, 0.05 
58721, 334, 38.0, 1.0, 0.13475914299488068, 0.05 
58959, 335, 31.0, 0.0, 0.0993434339761734, 0.05 
59178, 336, 36.0, 1.0, 0.13746827840805054, 0.05 
59415, 337, 36.0, 1.0, 0.10775899887084961, 0.05 
59615, 338, 29.0, 1.0, 0.3046940863132477, 0.05 
59853, 339, 30.0, 0.0, 0.08998899161815643, 0.05 
60111, 340, 32.0, 0.0, 0.08119478076696396, 0.05 
60381, 341, 37.0, -0.5, 0.2833937108516693, 0.05 
60597, 342, 33.0, 1.0, 0.17053121328353882, 0.05 
60860, 343, 45.0, 1.0, 0.34533023834228516, 0.05 
61119, 344, 42.0, 1.0, 0.07961668819189072, 0.05 
61305, 345, 35.0, 0.0, 0.09811443835496902, 0.05 
61582, 346, 42.0, 1.0, 0.052702467888593674, 0.05 
61838, 347, 41.0, 1.0, 0.05777367204427719, 0.05 
62135, 348, 44.0, -1.0, 0.35494643449783325, 0.05 
62439, 349, 43.0, 0.0, 0.252028226852417, 0.05 
62665, 350, 35.0, 1.0, 0.21282875537872314, 0.05 
62913, 351, 41.0, 1.0, 0.1600012481212616, 0.05 
63172, 352, 42.0, 1.0, 0.12307137250900269, 0.05 
63412, 353, 35.0, -1.0, 0.22714272141456604, 0.05 
63675, 354, 42.0, 1.0, 0.14962057769298553, 0.05 
63977, 355, 40.0, 1.0, 0.2900063991546631, 0.05 
64169, 356, 34.0, 1.0, 0.2889810800552368, 0.05 
64423, 357, 40.0, 1.0, 0.04895786941051483, 0.05 
64673, 358, 42.0, 1.0, 0.25210118293762207, 0.05 
64942, 359, 38.0, 0.0, 0.465203195810318, 0.05 
65128, 360, 32.0, 0.0, 0.3132382035255432, 0.05 
65384, 361, 39.0, 1.0, 0.12228244543075562, 0.05 
65593, 362, 30.0, 1.0, 0.25013813376426697, 0.05 
65788, 363, 29.0, 0.0, 0.11374416202306747, 0.05 
66115, 364, 98.0, 0.0, 0.1038704365491867, 0.05 
66440, 365, 41.0, 1.0, 0.06075992435216904, 0.05 
66626, 366, 34.0, 0.0, 0.15103211998939514, 0.05 
66893, 367, 40.0, 1.0, 0.1892307847738266, 0.05 
67147, 368, 43.0, 1.0, 0.10341235250234604, 0.05 
67455, 369, 48.0, 1.0, 0.321024626493454, 0.05 
67673, 370, 37.0, -1.0, 0.185734823346138, 0.05 
67979, 371, 38.0, 1.0, 0.1831553727388382, 0.05 
68364, 372, 42.0, 1.0, 0.38889017701148987, 0.05 
68627, 373, 33.0, 1.0, 0.1806599646806717, 0.05 
68979, 374, 43.0, 1.0, 0.35612159967422485, 0.05 
69156, 375, 32.0, 0.0, 0.07554665207862854, 0.05 
69414, 376, 40.0, 0.0, 0.22612622380256653, 0.05 
69623, 377, 37.0, 1.0, 0.04431408271193504, 0.05 
69844, 378, 31.0, 1.0, 0.031332362443208694, 0.05 
70027, 379, 32.0, 0.0, 0.18942448496818542, 0.05 
70250, 380, 33.0, 1.0, 0.22844280302524567, 0.05 
70586, 381, 86.0, 1.0, 0.2418082058429718, 0.05 
70763, 382, 33.0, 0.0, 0.19315052032470703, 0.05 
71012, 383, 41.0, 1.0, 0.12885862588882446, 0.05 
71266, 384, 33.0, 0.0, 0.20091202855110168, 0.05 
71566, 385, 76.0, 1.0, 0.21860317885875702, 0.05 
71834, 386, 41.0, 1.0, 0.05866749957203865, 0.05 
72156, 387, 44.0, 1.0, 0.08194031566381454, 0.05 
72421, 388, 42.0, 1.0, 0.18940892815589905, 0.05 
72623, 389, 33.0, 1.0, 0.054703984409570694, 0.05 
72890, 390, 46.0, 0.0, 0.13066865503787994, 0.05 
73153, 391, 44.0, 1.0, 0.5042320489883423, 0.05 
73398, 392, 44.0, 1.0, 0.42935919761657715, 0.05 
73607, 393, 40.0, 1.0, 0.08002540469169617, 0.05 
73866, 394, 45.0, 1.0, 0.08094462752342224, 0.05 
74129, 395, 41.0, 1.0, 0.07503014802932739, 0.05 
74358, 396, 41.0, 1.0, 0.3015327453613281, 0.05 
74623, 397, 37.0, 1.0, 0.044175900518894196, 0.05 
74813, 398, 36.0, 1.0, 0.050095487385988235, 0.05 
75078, 399, 40.0, 0.0, 0.1420494019985199, 0.05 
75343, 400, 42.0, -1.0, 0.09663291275501251, 0.05 
75606, 401, 41.0, 1.0, 0.34241318702697754, 0.05 
75820, 402, 35.0, 0.0, 0.2974821925163269, 0.05 
76083, 403, 42.0, 1.0, 0.17706532776355743, 0.05 
76361, 404, 41.0, -1.0, 0.4960889518260956, 0.05 
76584, 405, 41.0, 1.0, 0.07316701859235764, 0.05 
76841, 406, 47.0, 1.0, 0.22185255587100983, 0.05 
77022, 407, 30.0, 1.0, 0.08909649401903152, 0.05 
77209, 408, 28.0, 0.0, 0.11823555082082748, 0.05 
77447, 409, 31.0, 0.0, 0.4274110794067383, 0.05 
77681, 410, 41.0, 0.0, 0.14422191679477692, 0.05 
77924, 411, 35.0, 1.0, 0.09102177619934082, 0.05 
78225, 412, 43.0, 1.0, 0.1113869696855545, 0.05 
78485, 413, 40.0, 1.0, 0.3857318162918091, 0.05 
78778, 414, 34.0, 1.0, 0.06455214321613312, 0.05 
78957, 415, 35.0, 1.0, 0.06294157356023788, 0.05 
79189, 416, 38.0, 1.0, 0.06723301857709885, 0.05 
79438, 417, 44.0, 1.0, 0.18818506598472595, 0.05 
79711, 418, 39.0, -1.0, 0.24509237706661224, 0.05 
79923, 419, 36.0, 0.0, 0.3686251640319824, 0.05 
80168, 420, 34.0, 1.0, 0.11330699175596237, 0.05 
80432, 421, 42.0, 1.0, 0.06641600281000137, 0.05 
80732, 422, 38.0, -1.0, 0.05316350236535072, 0.05 
80995, 423, 37.0, 1.0, 0.35310792922973633, 0.05 
81257, 424, 40.0, 0.0, 0.07297700643539429, 0.05 
81547, 425, 41.0, 1.0, 0.0892888605594635, 0.05 
81748, 426, 32.0, 1.0, 0.2046058624982834, 0.05 
81931, 427, 34.0, 0.0, 0.3974367082118988, 0.05 
82189, 428, 46.0, 0.0, 0.2487846463918686, 0.05 
82454, 429, 41.0, 1.0, 0.09565000236034393, 0.05 
82716, 430, 34.0, -1.0, 0.3931546211242676, 0.05 
82967, 431, 43.0, 1.0, 0.20025229454040527, 0.05 
83228, 432, 40.0, 1.0, 0.24531112611293793, 0.05 
83576, 433, 45.0, 1.0, 0.06351501494646072, 0.05 
83736, 434, 30.0, 1.0, 0.2812769114971161, 0.05 
83927, 435, 31.0, -1.0, 0.2538212537765503, 0.05 
84195, 436, 43.0, 0.0, 0.1487206220626831, 0.05 
84479, 437, 41.0, 1.0, 0.1922273337841034, 0.05 
84764, 438, 44.0, 1.0, 0.3101673722267151, 0.05 
85005, 439, 37.0, 1.0, 0.13547229766845703, 0.05 
85239, 440, 38.0, 1.0, 0.05158766359090805, 0.05 
85430, 441, 33.0, 0.0, 0.19169515371322632, 0.05 
85685, 442, 42.0, 0.0, 0.20295989513397217, 0.05 
85924, 443, 42.0, 1.0, 0.1526431143283844, 0.05 
86168, 444, 34.0, 0.0, 0.24922868609428406, 0.05 
86424, 445, 37.0, 0.0, 0.12102644145488739, 0.05 
86635, 446, 36.0, 1.0, 0.036907412111759186, 0.05 
86911, 447, 42.0, 1.0, 0.12208512425422668, 0.05 
87138, 448, 44.0, 1.0, 0.2004070281982422, 0.05 
87366, 449, 39.0, 1.0, 0.20667928457260132, 0.05 
87557, 450, 34.0, 0.0, 0.21215471625328064, 0.05 
87794, 451, 45.0, 1.0, 0.5313243269920349, 0.05 
88085, 452, 47.0, 0.0, 0.15499518811702728, 0.05 
88356, 453, 46.0, 1.0, 0.22678712010383606, 0.05 
88530, 454, 34.0, 0.0, 0.2277049720287323, 0.05 
88735, 455, 31.0, 1.0, 0.32688647508621216, 0.05 
89003, 456, 39.0, 1.0, 0.24188987910747528, 0.05 
89290, 457, 38.0, 0.0, 0.14828673005104065, 0.05 
89548, 458, 44.0, 1.0, 0.3447961211204529, 0.05 
89789, 459, 38.0, -1.0, 0.08086307346820831, 0.05 
90004, 460, 43.0, 1.0, 0.2385166883468628, 0.05 
90275, 461, 38.0, 1.0, 0.05181599035859108, 0.05 
90541, 462, 88.0, 1.0, 0.25726318359375, 0.05 
90776, 463, 41.0, -1.0, 0.4374755918979645, 0.05 
90977, 464, 32.0, 1.0, 0.19452115893363953, 0.05 
91161, 465, 40.0, 1.0, 0.12595200538635254, 0.05 
91363, 466, 41.0, 1.0, 0.16929683089256287, 0.05 
91602, 467, 35.0, 0.0, 0.1513490378856659, 0.05 
91896, 468, 44.0, 1.0, 0.17927318811416626, 0.05 
92119, 469, 43.0, 1.0, 0.08989965915679932, 0.05 
92382, 470, 33.0, 1.0, 0.06276728957891464, 0.05 
92602, 471, 39.0, 0.0, 0.21284669637680054, 0.05 
92850, 472, 34.0, 1.0, 0.05984906479716301, 0.05 
93134, 473, 42.0, 1.0, 0.1300385445356369, 0.05 
93345, 474, 40.0, 1.0, 0.15864905714988708, 0.05 
93566, 475, 35.0, 1.0, 0.5742445588111877, 0.05 
93764, 476, 37.0, -1.0, 0.1503957211971283, 0.05 
94028, 477, 44.0, 1.0, 0.18527944386005402, 0.05 
94337, 478, 45.0, 0.0, 0.1710631251335144, 0.05 
94600, 479, 35.0, 0.0, 0.19316662847995758, 0.05 
94882, 480, 45.0, 0.0, 0.1128029078245163, 0.05 
95171, 481, 47.0, 1.0, 0.10629501938819885, 0.05 
95373, 482, 43.0, 1.0, 0.11918485164642334, 0.05 
95637, 483, 42.0, 1.0, 0.17657393217086792, 0.05 
95847, 484, 30.0, 1.0, 0.13830232620239258, 0.05 
96087, 485, 35.0, 0.0, 0.14618094265460968, 0.05 
96321, 486, 39.0, 1.0, 0.16285677254199982, 0.05 
96599, 487, 37.0, -1.0, 0.06913476437330246, 0.05 
96884, 488, 37.0, 1.0, 0.171253502368927, 0.05 
97148, 489, 45.0, 0.0, 0.27650919556617737, 0.05 
97385, 490, 37.0, 1.0, 0.17194436490535736, 0.05 
97677, 491, 45.0, 1.0, 0.24650011956691742, 0.05 
97983, 492, 40.0, 0.0, 0.08956675231456757, 0.05 
98220, 493, 39.0, 1.0, 0.6161401867866516, 0.05 
98448, 494, 39.0, 0.0, 0.27512168884277344, 0.05 
98755, 495, 46.0, 1.0, 0.2582094967365265, 0.05 
99014, 496, 34.0, 1.0, 0.27831995487213135, 0.05 
99295, 497, 44.0, 0.0, 0.06590084731578827, 0.05 
99567, 498, 43.0, 1.0, 0.3155883848667145, 0.05 
99849, 499, 39.0, 1.0, 0.3226734697818756, 0.05 
100108, 500, 43.0, 1.0, 0.4856317639350891, 0.05 
100355, 501, 41.0, 0.0, 0.27731868624687195, 0.05 
100619, 502, 45.0, 1.0, 0.15891535580158234, 0.05 
100921, 503, 42.0, 0.0, 0.12578298151493073, 0.05 
101136, 504, 33.0, 0.0, 0.17207100987434387, 0.05 
101341, 505, 36.0, 0.0, 0.20192180573940277, 0.05 
101539, 506, 25.0, -1.0, 0.12337140738964081, 0.05 
101803, 507, 45.0, 0.0, 0.15338000655174255, 0.05 
101996, 508, 29.0, 0.0, 0.07952815294265747, 0.05 
102206, 509, 34.0, 1.0, 0.3126685321331024, 0.05 
102435, 510, 43.0, 0.0, 0.2974478602409363, 0.05 
102690, 511, 41.0, 0.0, 0.05638010799884796, 0.05 
102869, 512, 30.0, 0.0, 0.17179939150810242, 0.05 
103171, 513, 41.0, 1.0, 0.17065715789794922, 0.05 
103427, 514, 42.0, 0.0, 0.19129398465156555, 0.05 
103672, 515, 43.0, 1.0, 0.1933182030916214, 0.05 
103870, 516, 34.0, 0.0, 0.11528605222702026, 0.05 
104167, 517, 45.0, 1.0, 0.13407553732395172, 0.05 
104434, 518, 44.0, 1.0, 0.27452006936073303, 0.05 
104660, 519, 43.0, 1.0, 0.19592353701591492, 0.05 
104944, 520, 42.0, 1.0, 0.09674261510372162, 0.05 
105139, 521, 35.0, 1.0, 0.20257443189620972, 0.05 
105361, 522, 39.0, -1.0, 0.05119062215089798, 0.05 
105668, 523, 45.0, 0.0, 0.22503143548965454, 0.05 
105856, 524, 35.0, 1.0, 0.2289530634880066, 0.05 
106088, 525, 35.0, 0.0, 0.31317830085754395, 0.05 
106286, 526, 33.0, 1.0, 0.09202142059803009, 0.05 
106587, 527, 47.0, 1.0, 0.32439571619033813, 0.05 
106838, 528, 39.0, -1.0, 0.08526821434497833, 0.05 
106953, 529, 20.0, 0.0, 0.09473801404237747, 0.05 
107241, 530, 39.0, 0.0, 0.3517240285873413, 0.05 
107435, 531, 34.0, 1.0, 0.048247188329696655, 0.05 
107704, 532, 43.0, 1.0, 0.3917245864868164, 0.05 
107946, 533, 44.0, 1.0, 0.13785643875598907, 0.05 
108178, 534, 40.0, 1.0, 0.4838690459728241, 0.05 
108372, 535, 33.0, 1.0, 0.16501781344413757, 0.05 
108591, 536, 43.0, 0.0, 0.263930082321167, 0.05 
108898, 537, 40.0, -1.0, 0.13860997557640076, 0.05 
109219, 538, 45.0, 1.0, 0.13949330151081085, 0.05 
109412, 539, 37.0, 1.0, 0.06975327432155609, 0.05 
109668, 540, 41.0, 0.0, 0.34461426734924316, 0.05 
109900, 541, 41.0, 1.0, 0.1668887734413147, 0.05 
110117, 542, 42.0, 1.0, 0.13284620642662048, 0.05 
110403, 543, 45.0, 1.0, 0.12036237120628357, 0.05 
110618, 544, 44.0, 1.0, 0.404847115278244, 0.05 
110814, 545, 37.0, 1.0, 0.3545445203781128, 0.05 
111048, 546, 39.0, 0.0, 0.2038034200668335, 0.05 
111278, 547, 40.0, 1.0, 0.20500105619430542, 0.05 
111624, 548, 41.0, 1.0, 0.234492689371109, 0.05 
111922, 549, 45.0, 1.0, 0.08424539864063263, 0.05 
112138, 550, 39.0, 0.0, 0.2518789768218994, 0.05 
112489, 551, 47.0, 0.0, 0.2515612840652466, 0.05 
112827, 552, 45.0, 0.0, 0.36359620094299316, 0.05 
113136, 553, 41.0, 0.0, 0.17102470993995667, 0.05 
113375, 554, 42.0, 0.0, 0.2973250448703766, 0.05 
113637, 555, 36.0, 0.0, 0.14318284392356873, 0.05 
113912, 556, 44.0, 1.0, 0.3700634837150574, 0.05 
114190, 557, 41.0, 1.0, 0.05665358155965805, 0.05 
114428, 558, 35.0, 0.0, 0.22593820095062256, 0.05 
114729, 559, 41.0, 1.0, 0.28015902638435364, 0.05 
114945, 560, 37.0, 0.0, 0.18480899930000305, 0.05 
115135, 561, 38.0, 1.0, 0.07797439396381378, 0.05 
115379, 562, 34.0, 0.0, 0.3554362654685974, 0.05 
115618, 563, 36.0, -0.5, 0.18936002254486084, 0.05 
115862, 564, 43.0, 1.0, 0.341359943151474, 0.05 
116072, 565, 35.0, 1.0, 0.17240743339061737, 0.05 
116308, 566, 39.0, 1.0, 0.3015063405036926, 0.05 
116544, 567, 42.0, 1.0, 0.06283500045537949, 0.05 
116767, 568, 40.0, 0.0, 0.09161151200532913, 0.05 
117050, 569, 38.0, -1.0, 0.12361348420381546, 0.05 
117278, 570, 37.0, 0.0, 0.14984215795993805, 0.05 
117638, 571, 46.0, 1.0, 0.21467848122119904, 0.05 
117873, 572, 36.0, 0.0, 0.2980293929576874, 0.05 
118173, 573, 43.0, 0.0, 0.23974724113941193, 0.05 
118406, 574, 39.0, 0.0, 0.07614871859550476, 0.05 
118691, 575, 42.0, 1.0, 0.0800449401140213, 0.05 
118931, 576, 34.0, 0.0, 0.12741966545581818, 0.05 
119182, 577, 40.0, 0.0, 0.34375154972076416, 0.05 
119489, 578, 45.0, 1.0, 0.43995529413223267, 0.05 
119712, 579, 34.0, 0.0, 0.08993367105722427, 0.05 
120063, 580, 44.0, 1.0, 0.2551078796386719, 0.05 
120327, 581, 39.0, 1.0, 0.27117353677749634, 0.05 
120590, 582, 44.0, 0.0, 0.09946431964635849, 0.05 
120824, 583, 42.0, 0.0, 0.2760602831840515, 0.05 
121105, 584, 44.0, 1.0, 0.145737886428833, 0.05 
121418, 585, 44.0, 1.0, 0.2196991741657257, 0.05 
121645, 586, 32.0, 1.0, 0.16186735033988953, 0.05 
121905, 587, 42.0, 0.0, 0.32331734895706177, 0.05 
122126, 588, 40.0, 0.0, 0.5278565883636475, 0.05 
122355, 589, 33.0, 1.0, 0.09887911379337311, 0.05 
122655, 590, 49.0, 1.0, 0.031333647668361664, 0.05 
122918, 591, 46.0, -1.0, 0.4740602672100067, 0.05 
123163, 592, 38.0, 1.0, 0.3396090269088745, 0.05 
123550, 593, 94.0, 0.0, 0.4042205214500427, 0.05 
123754, 594, 38.0, 1.0, 0.4130951762199402, 0.05 
124008, 595, 43.0, 1.0, 0.13681942224502563, 0.05 
124245, 596, 37.0, 0.0, 0.22846390306949615, 0.05 
124489, 597, 43.0, 1.0, 0.042850006371736526, 0.05 
124782, 598, 46.0, 1.0, 0.05648338049650192, 0.05 
125063, 599, 47.0, 0.0, 0.36377012729644775, 0.05 
125254, 600, 36.0, 0.0, 0.048661280423402786, 0.05 
125498, 601, 47.0, 1.0, 0.3085378408432007, 0.05 
125804, 602, 82.0, 1.0, 0.507958710193634, 0.05 
126037, 603, 46.0, 0.0, 0.2666848301887512, 0.05 
126290, 604, 40.0, 1.0, 0.09998240321874619, 0.05 
126527, 605, 46.0, 0.0, 0.22332799434661865, 0.05 
126893, 606, 82.0, 1.0, 0.17265687882900238, 0.05 
127159, 607, 46.0, 1.0, 0.15529224276542664, 0.05 
127397, 608, 43.0, 1.0, 0.19465851783752441, 0.05 
127704, 609, 47.0, 0.0, 0.2044047862291336, 0.05 
128026, 610, 44.0, 1.0, 0.3132997453212738, 0.05 
128226, 611, 29.0, 1.0, 0.20599687099456787, 0.05 
128506, 612, 44.0, 1.0, 0.08547311276197433, 0.05 
128697, 613, 35.0, 1.0, 0.2548125684261322, 0.05 
128968, 614, 77.0, 0.0, 0.49608471989631653, 0.05 
129194, 615, 37.0, 1.0, 0.4107913374900818, 0.05 
129439, 616, 45.0, 1.0, 0.0685461089015007, 0.05 
129635, 617, 36.0, 1.0, 0.29675379395484924, 0.05 
129821, 618, 32.0, 1.0, 0.15990261733531952, 0.05 
130134, 619, 43.0, 1.0, 0.1800452619791031, 0.05 
130357, 620, 37.0, 1.0, 0.1474251002073288, 0.05 
130620, 621, 39.0, -1.0, 0.5095331072807312, 0.05 
130901, 622, 47.0, 0.0, 0.1565401256084442, 0.05 
131197, 623, 48.0, 1.0, 0.22482207417488098, 0.05 
131445, 624, 40.0, 1.0, 0.07417768239974976, 0.05 
131761, 625, 48.0, 1.0, 0.18376752734184265, 0.05 
132031, 626, 46.0, 0.0, 0.24241307377815247, 0.05 
132225, 627, 35.0, 1.0, 0.24623456597328186, 0.05 
132487, 628, 38.0, 1.0, 0.381153404712677, 0.05 
132663, 629, 38.0, 1.0, 0.36389636993408203, 0.05 
132943, 630, 46.0, -1.0, 0.1997731626033783, 0.05 
133241, 631, 42.0, 1.0, 0.08226791769266129, 0.05 
133530, 632, 41.0, 0.0, 0.26538312435150146, 0.05 
133769, 633, 40.0, -1.0, 0.41916102170944214, 0.05 
133988, 634, 40.0, 0.0, 0.3605225384235382, 0.05 
134311, 635, 42.0, 1.0, 0.16909274458885193, 0.05 
134553, 636, 43.0, 0.0, 0.1653350591659546, 0.05 
134864, 637, 45.0, -1.0, 0.22446471452713013, 0.05 
135113, 638, 46.0, 0.0, 0.11916962265968323, 0.05 
135395, 639, 46.0, 1.0, 0.164853036403656, 0.05 
135652, 640, 37.0, 0.0, 0.3978145718574524, 0.05 
135899, 641, 35.0, 0.0, 0.19633328914642334, 0.05 
136166, 642, 39.0, 1.0, 0.11292082816362381, 0.05 
136461, 643, 47.0, 0.0, 0.048625193536281586, 0.05 
136741, 644, 43.0, 0.0, 0.2550988793373108, 0.05 
137091, 645, 48.0, 1.0, 0.16351443529129028, 0.05 
137349, 646, 42.0, -1.0, 0.3881828784942627, 0.05 
137541, 647, 38.0, 1.0, 0.063478022813797, 0.05 
137809, 648, 33.0, 1.0, 0.32388192415237427, 0.05 
138039, 649, 44.0, 1.0, 0.14486262202262878, 0.05 
138320, 650, 46.0, 1.0, 0.03816533088684082, 0.05 
138516, 651, 39.0, 1.0, 0.2841871380805969, 0.05 
138746, 652, 42.0, 1.0, 0.3585348129272461, 0.05 
139029, 653, 47.0, 1.0, 0.25405752658843994, 0.05 
139334, 654, 41.0, 1.0, 0.0834246501326561, 0.05 
139606, 655, 36.0, 0.0, 0.21949133276939392, 0.05 
139808, 656, 34.0, 1.0, 0.10121196508407593, 0.05 
140013, 657, 34.0, 1.0, 0.05083153396844864, 0.05 
140329, 658, 47.0, 1.0, 0.03834522143006325, 0.05 
140548, 659, 36.0, 0.0, 0.3854527771472931, 0.05 
140826, 660, 35.0, 1.0, 0.08145492523908615, 0.05 
141098, 661, 37.0, -1.0, 0.13057787716388702, 0.05 
141329, 662, 44.0, 0.0, 0.11248737573623657, 0.05 
141703, 663, 49.0, 1.0, 0.17355118691921234, 0.05 
141984, 664, 43.0, 1.0, 0.19884316623210907, 0.05 
142261, 665, 46.0, 0.0, 0.26918819546699524, 0.05 
142489, 666, 41.0, -1.0, 0.1176169365644455, 0.05 
142810, 667, 47.0, 1.0, 0.1653313934803009, 0.05 
142993, 668, 35.0, -1.0, 0.21000371873378754, 0.05 
143340, 669, 35.0, 1.0, 0.14429563283920288, 0.05 
143561, 670, 31.0, 0.0, 0.27414360642433167, 0.05 
143901, 671, 47.0, 1.0, 0.06791357696056366, 0.05 
144155, 672, 47.0, 1.0, 0.13664798438549042, 0.05 
144374, 673, 42.0, 1.0, 0.41041499376296997, 0.05 
144681, 674, 47.0, 0.0, 0.20092810690402985, 0.05 
144965, 675, 38.0, 0.0, 0.1305759847164154, 0.05 
145217, 676, 41.0, 0.0, 0.30138713121414185, 0.05 
145413, 677, 29.0, 1.0, 0.2965047359466553, 0.05 
145776, 678, 48.0, 1.0, 0.165291890501976, 0.05 
146016, 679, 27.0, -1.0, 0.13279500603675842, 0.05 
146245, 680, 38.0, 1.0, 0.32136985659599304, 0.05 
146428, 681, 31.0, -1.0, 0.1658293604850769, 0.05 
146694, 682, 47.0, 1.0, 0.2724989056587219, 0.05 
146956, 683, 38.0, 0.0, 0.029035821557044983, 0.05 
147270, 684, 44.0, 1.0, 0.14200039207935333, 0.05 
147596, 685, 38.0, 0.0, 0.21977967023849487, 0.05 
147821, 686, 25.0, 0.0, 0.34392765164375305, 0.05 
148042, 687, 39.0, 0.0, 0.3055134415626526, 0.05 
148308, 688, 41.0, 0.0, 0.1458081603050232, 0.05 
148612, 689, 47.0, 1.0, 0.2060760259628296, 0.05 
148846, 690, 41.0, 1.0, 0.07756819576025009, 0.05 
149084, 691, 39.0, 0.0, 0.21628233790397644, 0.05 
149334, 692, 43.0, -1.0, 0.33835679292678833, 0.05 
149646, 693, 44.0, 0.0, 0.16296440362930298, 0.05 
149926, 694, 43.0, 1.0, 0.17800864577293396, 0.05 
150259, 695, 47.0, 1.0, 0.28094959259033203, 0.05 
150479, 696, 39.0, 0.0, 0.2164984941482544, 0.05 
150737, 697, 44.0, 1.0, 0.2238345891237259, 0.05 
150977, 698, 43.0, 1.0, 0.14410412311553955, 0.05 
151243, 699, 48.0, 0.0, 0.16747328639030457, 0.05 
151507, 700, 44.0, 1.0, 0.2963380217552185, 0.05 
151826, 701, 44.0, 0.0, 0.1412402093410492, 0.05 
152070, 702, 46.0, 0.0, 0.10712014883756638, 0.05 
152373, 703, 47.0, 1.0, 0.3089873194694519, 0.05 
152654, 704, 35.0, 1.0, 0.2619401514530182, 0.05 
152855, 705, 30.0, 0.0, 0.1613057255744934, 0.05 
153015, 706, 29.0, 1.0, 0.5273220539093018, 0.05 
153258, 707, 30.0, 1.0, 0.11258555948734283, 0.05 
153534, 708, 40.0, 1.0, 0.3748605251312256, 0.05 
153810, 709, 41.0, 0.0, 0.14015182852745056, 0.05 
154085, 710, 38.0, 1.0, 0.3086159825325012, 0.05 
154333, 711, 42.0, 1.0, 0.12480375915765762, 0.05 
154649, 712, 47.0, 1.0, 0.3256627321243286, 0.05 
154876, 713, 38.0, 1.0, 0.3108200430870056, 0.05 
155085, 714, 34.0, 1.0, 0.12273351848125458, 0.05 
155321, 715, 44.0, 1.0, 0.2172129601240158, 0.05 
155600, 716, 42.0, 0.0, 0.24675440788269043, 0.05 
155827, 717, 33.0, 1.0, 0.18853893876075745, 0.05 
156067, 718, 33.0, 0.0, 0.30355387926101685, 0.05 
156334, 719, 45.0, 1.0, 0.17930006980895996, 0.05 
156512, 720, 30.0, 0.0, 0.41600120067596436, 0.05 
156920, 721, 41.0, 0.0, 0.359957218170166, 0.05 
157198, 722, 38.0, 1.0, 0.13756027817726135, 0.05 
157574, 723, 43.0, 1.0, 0.13090607523918152, 0.05 
157775, 724, 33.0, 1.0, 0.1183834820985794, 0.05 
158117, 725, 45.0, 1.0, 0.6310135722160339, 0.05 
158435, 726, 46.0, 1.0, 0.192202627658844, 0.05 
158755, 727, 44.0, 1.0, 0.1886671781539917, 0.05 
158986, 728, 37.0, -1.0, 0.09977683424949646, 0.05 
159223, 729, 46.0, 1.0, 0.15616509318351746, 0.05 
159540, 730, 45.0, 1.0, 0.21894386410713196, 0.05 
159699, 731, 26.0, 1.0, 0.25826042890548706, 0.05 
160006, 732, 41.0, 0.0, 0.23003053665161133, 0.05 
160340, 733, 47.0, 0.0, 0.14698585867881775, 0.05 
160651, 734, 43.0, 0.0, 0.1550503373146057, 0.05 
160956, 735, 47.0, 0.0, 0.061951424926519394, 0.05 
161267, 736, 42.0, 1.0, 0.20562058687210083, 0.05 
161613, 737, 44.0, 0.0, 0.22544553875923157, 0.05 
161842, 738, 38.0, 1.0, 0.14107105135917664, 0.05 
162154, 739, 41.0, 0.0, 0.5718203186988831, 0.05 
162569, 740, 91.0, 1.0, 0.4080035090446472, 0.05 
162721, 741, 30.0, 1.0, 0.2659282982349396, 0.05 
163012, 742, 47.0, 1.0, 0.31046050786972046, 0.05 
163279, 743, 41.0, -1.0, 0.14597922563552856, 0.05 
163516, 744, 42.0, 1.0, 0.09997058659791946, 0.05 
163782, 745, 31.0, 0.0, 0.05644182115793228, 0.05 
164091, 746, 42.0, 0.0, 0.2854994833469391, 0.05 
164402, 747, 45.0, 1.0, 0.4023577570915222, 0.05 
164669, 748, 41.0, 1.0, 0.26244398951530457, 0.05 
164874, 749, 39.0, 1.0, 0.14305685460567474, 0.05 
165110, 750, 48.0, 1.0, 0.07455074787139893, 0.05 
165407, 751, 43.0, 1.0, 0.08458902686834335, 0.05 
165660, 752, 39.0, -1.0, 0.1793571412563324, 0.05 
165898, 753, 43.0, 1.0, 0.13012541830539703, 0.05 
166146, 754, 33.0, -1.0, 0.2569776773452759, 0.05 
166448, 755, 43.0, 1.0, 0.12608906626701355, 0.05 
166804, 756, 40.0, 1.0, 0.2414027452468872, 0.05 
167132, 757, 112.0, 1.0, 0.06998731940984726, 0.05 
167296, 758, 29.0, 0.0, 0.31221455335617065, 0.05 
167569, 759, 39.0, -1.0, 0.3317839801311493, 0.05 
167892, 760, 49.0, 1.0, 0.5314605236053467, 0.05 
168138, 761, 33.0, 1.0, 0.07998674362897873, 0.05 
168457, 762, 44.0, 1.0, 0.20777177810668945, 0.05 
168793, 763, 45.0, 1.0, 0.47851645946502686, 0.05 
169026, 764, 34.0, 0.0, 0.18191847205162048, 0.05 
169270, 765, 34.0, -1.0, 0.21021795272827148, 0.05 
169523, 766, 37.0, -1.0, 0.11013123393058777, 0.05 
169810, 767, 46.0, 0.0, 0.1084192544221878, 0.05 
170088, 768, 41.0, 1.0, 0.14864563941955566, 0.05 
170389, 769, 44.0, 1.0, 0.29391688108444214, 0.05 
170753, 770, 43.0, 1.0, 0.17441153526306152, 0.05 
171099, 771, 47.0, 1.0, 0.22173357009887695, 0.05 
171330, 772, 39.0, 1.0, 0.7560545206069946, 0.05 
171654, 773, 46.0, 0.0, 0.06141732260584831, 0.05 
171923, 774, 45.0, 0.0, 0.04919165372848511, 0.05 
172154, 775, 31.0, 1.0, 0.1710999608039856, 0.05 
172413, 776, 39.0, 0.0, 0.245110422372818, 0.05 
172774, 777, 43.0, 1.0, 0.11093930900096893, 0.05 
173023, 778, 41.0, 0.0, 0.23786893486976624, 0.05 
173265, 779, 32.0, 1.0, 0.381172776222229, 0.05 
173501, 780, 44.0, 0.0, 0.10337233543395996, 0.05 
173627, 781, 22.0, 0.0, 0.09534239768981934, 0.05 
173946, 782, 51.0, 0.0, 0.2910700738430023, 0.05 
174257, 783, 38.0, 1.0, 0.17471078038215637, 0.05 
174562, 784, 47.0, 1.0, 0.2817034125328064, 0.05 
174837, 785, 41.0, -1.0, 0.13976788520812988, 0.05 
175123, 786, 37.0, 1.0, 0.3746381402015686, 0.05 
175413, 787, 46.0, 1.0, 0.2587255537509918, 0.05 
175686, 788, 45.0, 1.0, 0.302950382232666, 0.05 
176072, 789, 50.0, 1.0, 0.18669553101062775, 0.05 
176423, 790, 45.0, -1.0, 0.30264419317245483, 0.05 
176670, 791, 47.0, 1.0, 0.256658136844635, 0.05 
176865, 792, 37.0, 1.0, 0.03834279626607895, 0.05 
177104, 793, 34.0, 0.0, 0.2541790008544922, 0.05 
177426, 794, 40.0, 0.0, 0.0700269564986229, 0.05 
177662, 795, 41.0, 1.0, 0.4006299376487732, 0.05 
177899, 796, 45.0, 1.0, 0.07328450679779053, 0.05 
178078, 797, 35.0, 0.0, 0.16016435623168945, 0.05 
178325, 798, 41.0, 0.0, 0.12822487950325012, 0.05 
178561, 799, 43.0, 0.0, 0.16796979308128357, 0.05 
178870, 800, 46.0, 1.0, 0.08547168970108032, 0.05 
179102, 801, 34.0, 0.0, 0.07414689660072327, 0.05 
179396, 802, 43.0, 0.0, 0.13661810755729675, 0.05 
179661, 803, 34.0, 0.0, 0.07998137176036835, 0.05 
179909, 804, 40.0, 0.0, 0.2557080090045929, 0.05 
180127, 805, 34.0, 1.0, 0.23992428183555603, 0.05 
180339, 806, 38.0, 1.0, 0.16651472449302673, 0.05 
180643, 807, 31.0, 0.0, 0.26064634323120117, 0.05 
180961, 808, 39.0, 0.0, 0.24858804047107697, 0.05 
181158, 809, 37.0, -1.0, 0.0801609605550766, 0.05 
181335, 810, 30.0, 0.0, 0.23119403421878815, 0.05 
181584, 811, 38.0, 0.0, 0.4265376627445221, 0.05 
181775, 812, 31.0, 1.0, 0.0778663158416748, 0.05 
182042, 813, 38.0, -1.0, 0.054888561367988586, 0.05 
182351, 814, 44.0, 1.0, 0.14911818504333496, 0.05 
182718, 815, 41.0, -1.0, 0.2168913036584854, 0.05 
183073, 816, 46.0, 1.0, 0.1894679069519043, 0.05 
183378, 817, 40.0, -1.0, 0.2659110426902771, 0.05 
183624, 818, 40.0, 1.0, 0.4020366668701172, 0.05 
183953, 819, 41.0, 1.0, 0.13668295741081238, 0.05 
184196, 820, 43.0, 0.0, 0.1602967381477356, 0.05 
184395, 821, 24.0, 0.0, 0.3126711845397949, 0.05 
184644, 822, 32.0, 1.0, 0.33792194724082947, 0.05 
184944, 823, 43.0, 0.0, 0.32976406812667847, 0.05 
185177, 824, 38.0, 1.0, 0.2844778895378113, 0.05 
185419, 825, 43.0, 1.0, 0.24762728810310364, 0.05 
185772, 826, 43.0, -1.0, 0.3611662983894348, 0.05 
185925, 827, 27.0, 0.0, 0.12424178421497345, 0.05 
186274, 828, 41.0, 1.0, 0.3836164176464081, 0.05 
186504, 829, 41.0, 1.0, 0.04302503913640976, 0.05 
186929, 830, 47.0, 0.0, 0.18867461383342743, 0.05 
187264, 831, 44.0, 1.0, 0.3666445016860962, 0.05 
187599, 832, 46.0, 0.0, 0.37095457315444946, 0.05 
187898, 833, 36.0, 0.0, 0.18088795244693756, 0.05 
188118, 834, 32.0, 0.0, 0.12336617708206177, 0.05 
188467, 835, 37.0, 1.0, 0.06797356903553009, 0.05 
188914, 836, 41.0, -1.0, 0.20877553522586823, 0.05 
189330, 837, 45.0, 1.0, 0.1370931714773178, 0.05 
189644, 838, 40.0, 0.0, 0.08650963753461838, 0.05 
189924, 839, 37.0, 1.0, 0.06907359510660172, 0.05 
190237, 840, 39.0, 0.0, 0.20244617760181427, 0.05 
190451, 841, 33.0, 0.0, 0.36561551690101624, 0.05 
190731, 842, 46.0, 1.0, 0.16063335537910461, 0.05 
191034, 843, 44.0, 1.0, 0.05327878147363663, 0.05 
191297, 844, 32.0, 0.0, 0.12836435437202454, 0.05 
191569, 845, 33.0, -1.0, 0.09263430535793304, 0.05 
191937, 846, 43.0, 0.0, 0.11480267345905304, 0.05 
192126, 847, 34.0, 0.0, 0.20568428933620453, 0.05 
192445, 848, 34.0, 0.0, 0.13045895099639893, 0.05 
192753, 849, 41.0, 0.0, 0.25111669301986694, 0.05 
193068, 850, 47.0, 1.0, 0.10068713873624802, 0.05 
193362, 851, 45.0, 1.0, 0.055802181363105774, 0.05 
193564, 852, 21.0, 1.0, 0.48563554883003235, 0.05 
193791, 853, 40.0, -1.0, 0.09930676221847534, 0.05 
194066, 854, 39.0, -1.0, 0.27704569697380066, 0.05 
194425, 855, 44.0, 0.0, 0.10828980058431625, 0.05 
194549, 856, 15.0, 1.0, 0.09372595697641373, 0.05 
194848, 857, 34.0, 0.0, 0.1030002012848854, 0.05 
195293, 858, 40.0, 0.0, 0.11302591860294342, 0.05 
195539, 859, 35.0, 1.0, 0.15635095536708832, 0.05 
195799, 860, 30.0, 0.0, 0.20519687235355377, 0.05 
196027, 861, 37.0, 1.0, 0.12486594915390015, 0.05 
196431, 862, 40.0, -1.0, 0.35562366247177124, 0.05 
196781, 863, 37.0, 1.0, 0.3938244879245758, 0.05 
197066, 864, 41.0, 0.0, 0.17827951908111572, 0.05 
197379, 865, 43.0, 0.0, 0.15417161583900452, 0.05 
197706, 866, 42.0, 0.0, 0.34768930077552795, 0.05 
198007, 867, 85.0, 1.0, 0.5649454593658447, 0.05 
198314, 868, 44.0, 1.0, 0.10547874867916107, 0.05 
198582, 869, 41.0, -1.0, 0.16777296364307404, 0.05 
198855, 870, 38.0, 0.0, 0.22704081237316132, 0.05 
199195, 871, 46.0, 0.0, 0.3769676685333252, 0.05 
199483, 872, 34.0, 1.0, 0.2076767534017563, 0.05 
199782, 873, 44.0, 1.0, 0.06450209021568298, 0.05 
200013, 874, 38.0, 0.0, 0.2728762626647949, 0.05 
200310, 875, 39.0, 0.0, 0.18895743787288666, 0.05 
200580, 876, 40.0, 0.0, 0.035084400326013565, 0.05 
200809, 877, 34.0, 0.0, 0.11149051040410995, 0.05 
201075, 878, 40.0, 1.0, 0.1664845049381256, 0.05 
201517, 879, 40.0, 0.0, 0.3459452688694, 0.05 
201752, 880, 35.0, 0.0, 0.10713359713554382, 0.05 
202099, 881, 44.0, 0.0, 0.03305995091795921, 0.05 
202533, 882, 42.0, 1.0, 0.15069806575775146, 0.05 
202837, 883, 36.0, 0.0, 0.04933985322713852, 0.05 
203074, 884, 32.0, 0.0, 0.2283410280942917, 0.05 
203301, 885, 25.0, 0.0, 0.10277760773897171, 0.05 
203630, 886, 38.0, 0.0, 0.07182253152132034, 0.05 
203930, 887, 38.0, 1.0, 0.45102909207344055, 0.05 
204229, 888, 38.0, 1.0, 0.32774215936660767, 0.05 
204540, 889, 40.0, 0.0, 0.1794576644897461, 0.05 
204857, 890, 48.0, 1.0, 0.17905960977077484, 0.05 
205137, 891, 38.0, 1.0, 0.3112974762916565, 0.05 
205419, 892, 39.0, 1.0, 0.3221149444580078, 0.05 
205739, 893, 38.0, 0.0, 0.2180432379245758, 0.05 
206019, 894, 40.0, 1.0, 0.20276521146297455, 0.05 
206335, 895, 45.0, 0.0, 0.08174002170562744, 0.05 
206743, 896, 45.0, 0.0, 0.26754406094551086, 0.05 
207024, 897, 44.0, 1.0, 0.2546676695346832, 0.05 
207219, 898, 26.0, 0.0, 0.09700043499469757, 0.05 
207488, 899, 34.0, 0.0, 0.20683328807353973, 0.05 
207850, 900, 44.0, 0.0, 0.2397126853466034, 0.05 
208159, 901, 41.0, 1.0, 0.1592978537082672, 0.05 
208533, 902, 49.0, 1.0, 0.13825172185897827, 0.05 
208851, 903, 43.0, 0.0, 0.11494943499565125, 0.05 
209112, 904, 38.0, 0.0, 0.18262173235416412, 0.05 
209438, 905, 41.0, 0.0, 0.2119503766298294, 0.05 
209682, 906, 33.0, 0.0, 0.17084148526191711, 0.05 
210028, 907, 42.0, 1.0, 0.18552333116531372, 0.05 
210298, 908, 40.0, 1.0, 0.119216188788414, 0.05 
210498, 909, 23.0, 0.0, 0.2473703920841217, 0.05 
210709, 910, 31.0, 1.0, 0.19550925493240356, 0.05 
210907, 911, 34.0, 0.0, 0.18323349952697754, 0.05 
211065, 912, 20.0, 0.0, 0.48867470026016235, 0.05 
211452, 913, 39.0, 0.0, 0.061413951218128204, 0.05 
211715, 914, 24.0, 0.0, 0.22972217202186584, 0.05 
211960, 915, 39.0, 1.0, 0.3494338393211365, 0.05 
212198, 916, 33.0, 0.0, 0.34490475058555603, 0.05 
212439, 917, 34.0, 1.0, 0.31927379965782166, 0.05 
212602, 918, 26.0, 0.0, 0.3297572135925293, 0.05 
212904, 919, 44.0, 1.0, 0.345627099275589, 0.05 
213296, 920, 45.0, 0.0, 0.17658691108226776, 0.05 
213549, 921, 38.0, 0.0, 0.08820079267024994, 0.05 
213821, 922, 40.0, 1.0, 0.22962374985218048, 0.05 
214068, 923, 35.0, 0.0, 0.251478910446167, 0.05 
214481, 924, 39.0, 0.0, 0.3775448203086853, 0.05 
214767, 925, 30.0, 1.0, 0.0808088481426239, 0.05 
214994, 926, 34.0, 1.0, 0.5807462930679321, 0.05 
215176, 927, 26.0, 0.0, 0.11321885883808136, 0.05 
215556, 928, 42.0, 1.0, 0.1817508190870285, 0.05 
215930, 929, 34.0, 0.0, 0.10780346393585205, 0.05 
216200, 930, 30.0, 0.0, 0.17203915119171143, 0.05 
216433, 931, 26.0, -0.5, 0.21415327489376068, 0.05 
216738, 932, 44.0, 0.0, 0.3405877351760864, 0.05 
216995, 933, 27.0, 0.0, 0.08318515866994858, 0.05 
217300, 934, 44.0, 0.0, 0.312906414270401, 0.05 
217516, 935, 37.0, 0.0, 0.19656139612197876, 0.05 
217835, 936, 30.0, 1.0, 0.09935399144887924, 0.05 
218207, 937, 39.0, 0.0, 0.050213299691677094, 0.05 
218462, 938, 35.0, 0.0, 0.207831472158432, 0.05 
218708, 939, 33.0, 0.0, 0.03792513161897659, 0.05 
219040, 940, 47.0, 0.0, 0.22503460943698883, 0.05 
219251, 941, 35.0, 1.0, 0.19341051578521729, 0.05 
219532, 942, 41.0, 0.0, 0.2053406685590744, 0.05 
219901, 943, 46.0, 0.0, 0.05727636069059372, 0.05 
220138, 944, 41.0, 1.0, 0.2267511636018753, 0.05 
220375, 945, 45.0, 1.0, 0.19117774069309235, 0.05 
220680, 946, 43.0, 0.0, 0.1984070986509323, 0.05 
221066, 947, 39.0, 1.0, 0.46496182680130005, 0.05 
221352, 948, 38.0, 1.0, 0.08881672471761703, 0.05 
221683, 949, 41.0, 1.0, 0.4494449496269226, 0.05 
222060, 950, 41.0, 0.0, 0.3138161897659302, 0.05 
222374, 951, 41.0, -1.0, 0.16932418942451477, 0.05 
222801, 952, 35.0, 0.0, 0.10917364805936813, 0.05 
223155, 953, 43.0, 1.0, 0.06422556936740875, 0.05 
223389, 954, 32.0, 1.0, 0.22603487968444824, 0.05 
223662, 955, 35.0, 1.0, 0.3545311689376831, 0.05 
224051, 956, 45.0, 0.0, 0.2736724019050598, 0.05 
224255, 957, 26.0, 1.0, 0.14138813316822052, 0.05 
224514, 958, 42.0, -1.0, 0.13630598783493042, 0.05 
224722, 959, 35.0, 0.0, 0.3117139935493469, 0.05 
225017, 960, 37.0, 1.0, 0.18392953276634216, 0.05 
225290, 961, 38.0, 1.0, 0.368577241897583, 0.05 
225606, 962, 36.0, 1.0, 0.4153023958206177, 0.05 
225902, 963, 39.0, 1.0, 0.12263676524162292, 0.05 
226159, 964, 38.0, 1.0, 0.03844986483454704, 0.05 
226452, 965, 32.0, 1.0, 0.20181623101234436, 0.05 
226883, 966, 38.0, 1.0, 0.2804344594478607, 0.05 
227200, 967, 41.0, 0.0, 0.05223396420478821, 0.05 
227392, 968, 30.0, 1.0, 0.14235970377922058, 0.05 
227765, 969, 45.0, 0.0, 0.06412830948829651, 0.05 
228075, 970, 41.0, 1.0, 0.17040973901748657, 0.05 
228410, 971, 40.0, 0.0, 0.20165914297103882, 0.05 
228729, 972, 38.0, 1.0, 0.04274340718984604, 0.05 
228978, 973, 45.0, 1.0, 0.3330307900905609, 0.05 
229334, 974, 44.0, 0.0, 0.33272719383239746, 0.05 
229646, 975, 25.0, 0.0, 0.05181950703263283, 0.05 
229955, 976, 37.0, 0.0, 0.3005942702293396, 0.05 
230112, 977, 22.0, 1.0, 0.11947095394134521, 0.05 
230519, 978, 44.0, 0.0, 0.049394380301237106, 0.05 
230828, 979, 33.0, 0.0, 0.18188881874084473, 0.05 
231179, 980, 38.0, 1.0, 0.3973003923892975, 0.05 
231537, 981, 38.0, -1.0, 0.2411741018295288, 0.05 
231899, 982, 41.0, 1.0, 0.04167286679148674, 0.05 
232220, 983, 37.0, 0.0, 0.2290249764919281, 0.05 
232451, 984, 26.0, 1.0, 0.18272270262241364, 0.05 
232732, 985, 34.0, 1.0, 0.1080179214477539, 0.05 
232987, 986, 29.0, 0.0, 0.12078844010829926, 0.05 
233301, 987, 35.0, 0.0, 0.14144791662693024, 0.05 
233538, 988, 33.0, 0.0, 0.08398062735795975, 0.05 
233817, 989, 29.0, 1.0, 0.11192851513624191, 0.05 
234122, 990, 32.0, -1.0, 0.19449067115783691, 0.05 
234323, 991, 29.0, -1.0, 0.13031184673309326, 0.05 
234618, 992, 39.0, 1.0, 0.24777062237262726, 0.05 
234973, 993, 46.0, 1.0, 0.1936720609664917, 0.05 
235274, 994, 37.0, 1.0, 0.13229098916053772, 0.05 
235474, 995, 31.0, 0.0, 0.03833644092082977, 0.05 
235862, 996, 41.0, 0.0, 0.03886213153600693, 0.05 
236145, 997, 32.0, 1.0, 0.06629760563373566, 0.05 
236563, 998, 38.0, 0.0, 0.05617376044392586, 0.05 
236860, 999, 35.0, 1.0, 0.14479953050613403, 0.05 
237141, 1000, 31.0, 1.0, 0.05027932673692703, 0.05 
237325, 1001, 25.0, 0.0, 0.1835237294435501, 0.05 
237554, 1002, 20.0, 0.0, 0.14903996884822845, 0.05 
237943, 1003, 30.0, 0.0, 0.16716048121452332, 0.05 
238134, 1004, 31.0, 1.0, 0.395516574382782, 0.05 
238327, 1005, 18.0, -0.5, 0.047901347279548645, 0.05 
238564, 1006, 45.0, 1.0, 0.17029449343681335, 0.05 
238895, 1007, 36.0, 1.0, 0.17521131038665771, 0.05 
239213, 1008, 25.0, 0.0, 0.35403332114219666, 0.05 
239451, 1009, 28.0, 1.0, 0.07458705455064774, 0.05 
239774, 1010, 36.0, 1.0, 0.08389189839363098, 0.05 
240039, 1011, 38.0, 0.0, 0.3300876319408417, 0.05 
240242, 1012, 34.0, 0.0, 0.11036281287670135, 0.05 
240541, 1013, 33.0, -1.0, 0.2456330806016922, 0.05 
240868, 1014, 40.0, 1.0, 0.26126086711883545, 0.05 
241168, 1015, 33.0, 0.0, 0.32103613018989563, 0.05 
241405, 1016, 34.0, 1.0, 0.3851422667503357, 0.05 
241878, 1017, 35.0, 0.0, 0.10477299988269806, 0.05 
242257, 1018, 40.0, 1.0, 0.10282646119594574, 0.05 
242667, 1019, 43.0, 1.0, 0.344743549823761, 0.05 
242976, 1020, 36.0, 1.0, 0.08965606987476349, 0.05 
243332, 1021, 41.0, 0.0, 0.09752596914768219, 0.05 
243708, 1022, 40.0, 1.0, 0.2204124927520752, 0.05 
244103, 1023, 38.0, 1.0, 0.07663002610206604, 0.05 
244345, 1024, 33.0, 0.0, 0.15808457136154175, 0.05 
244664, 1025, 35.0, 1.0, 0.09221568703651428, 0.05 
244990, 1026, 48.0, 1.0, 0.4623173475265503, 0.05 
245228, 1027, 30.0, 0.0, 0.1309039443731308, 0.05 
245533, 1028, 35.0, 1.0, 0.12809394299983978, 0.05 
245779, 1029, 34.0, -1.0, 0.2637389302253723, 0.05 
246105, 1030, 35.0, 0.0, 0.1957797110080719, 0.05 
246339, 1031, 27.0, 1.0, 0.06174929067492485, 0.05 
246630, 1032, 36.0, 0.0, 0.2668722867965698, 0.05 
246823, 1033, 27.0, -1.0, 0.24512968957424164, 0.05 
247063, 1034, 31.0, 0.0, 0.03650965914130211, 0.05 
247505, 1035, 47.0, 1.0, 0.19595691561698914, 0.05 
247704, 1036, 31.0, 0.0, 0.2509424686431885, 0.05 
247981, 1037, 26.0, 0.0, 0.22108936309814453, 0.05 
248149, 1038, 24.0, 1.0, 0.3174631893634796, 0.05 
248450, 1039, 33.0, 0.0, 0.12828205525875092, 0.05 
248952, 1040, 32.0, 0.0, 0.21955208480358124, 0.05 
249201, 1041, 31.0, -1.0, 0.22912445664405823, 0.05 
249560, 1042, 26.0, 1.0, 0.16000086069107056, 0.05 
249778, 1043, 28.0, 0.0, 0.19684623181819916, 0.05 
249978, 1044, 18.0, 1.0, 0.04555860906839371, 0.05 
250303, 1045, 39.0, 1.0, 0.08495049178600311, 0.05 
250510, 1046, 34.0, 0.0, 0.2736881673336029, 0.05 
250778, 1047, 36.0, 1.0, 0.4877082109451294, 0.05 
251142, 1048, 32.0, 1.0, 0.10685375332832336, 0.05 
251364, 1049, 23.0, 0.0, 0.28828203678131104, 0.05 
251564, 1050, 27.0, 1.0, 0.05955592542886734, 0.05 
251957, 1051, 37.0, 1.0, 0.12931178510189056, 0.05 
252274, 1052, 36.0, 1.0, 0.28106361627578735, 0.05 
252532, 1053, 34.0, 0.0, 0.276290625333786, 0.05 
252905, 1054, 45.0, 1.0, 0.2109101116657257, 0.05 
253209, 1055, 30.0, 0.0, 0.18772301077842712, 0.05 
253757, 1056, 39.0, 0.0, 0.10129895806312561, 0.05 
253947, 1057, 22.0, 0.0, 0.2505477964878082, 0.05 
254217, 1058, 33.0, 0.0, 0.2739884555339813, 0.05 
254427, 1059, 27.0, 0.0, 0.2169489860534668, 0.05 
254610, 1060, 26.0, 1.0, 0.2906842827796936, 0.05 
254925, 1061, 38.0, 0.0, 0.08173452317714691, 0.05 
255123, 1062, 34.0, 0.0, 0.0838647335767746, 0.05 
255477, 1063, 35.0, -1.0, 0.16847074031829834, 0.05 
255748, 1064, 38.0, 1.0, 0.1155490130186081, 0.05 
256230, 1065, 36.0, 1.0, 0.29662442207336426, 0.05 
256554, 1066, 39.0, 0.0, 0.47300130128860474, 0.05 
256854, 1067, 35.0, 1.0, 0.34818583726882935, 0.05 
257068, 1068, 19.0, 1.0, 0.1340693086385727, 0.05 
257337, 1069, 31.0, 0.0, 0.06235524266958237, 0.05 
257543, 1070, 28.0, 1.0, 0.06190894544124603, 0.05 
257843, 1071, 36.0, 1.0, 0.06884241104125977, 0.05 
258240, 1072, 39.0, 0.0, 0.28991904854774475, 0.05 
258564, 1073, 32.0, 0.0, 0.055507391691207886, 0.05 
258795, 1074, 34.0, 0.0, 0.26153063774108887, 0.05 
259034, 1075, 32.0, 0.0, 0.25471097230911255, 0.05 
259273, 1076, 18.0, 0.0, 0.04185068607330322, 0.05 
259542, 1077, 33.0, 0.0, 0.2482122778892517, 0.05 
259791, 1078, 32.0, -1.0, 0.13189595937728882, 0.05 
260043, 1079, 23.0, 0.0, 0.045337941497564316, 0.05 
260315, 1080, 36.0, 1.0, 0.11566202342510223, 0.05 
260568, 1081, 25.0, 0.0, 0.2980903387069702, 0.05 
260942, 1082, 41.0, 1.0, 0.2733275890350342, 0.05 
261297, 1083, 39.0, 1.0, 0.04404614493250847, 0.05 
261747, 1084, 42.0, 1.0, 0.12602882087230682, 0.05 
262065, 1085, 30.0, 1.0, 0.06774003803730011, 0.05 
262310, 1086, 32.0, 1.0, 0.22129195928573608, 0.05 
262591, 1087, 26.0, 0.0, 0.07211346924304962, 0.05 
262913, 1088, 35.0, -1.0, 0.07939337193965912, 0.05 
263283, 1089, 38.0, 1.0, 0.14622624218463898, 0.05 
263519, 1090, 28.0, 0.0, 0.22838646173477173, 0.05 
263949, 1091, 40.0, 0.0, 0.19288332760334015, 0.05 
264208, 1092, 34.0, 0.0, 0.034785814583301544, 0.05 
264444, 1093, 39.0, 0.0, 0.08049701154232025, 0.05 
264691, 1094, 26.0, 1.0, 0.17584002017974854, 0.05 
264980, 1095, 42.0, 0.0, 0.11618071049451828, 0.05 
265180, 1096, 19.0, 0.0, 0.05688900500535965, 0.05 
265492, 1097, 33.0, 0.0, 0.07977316528558731, 0.05 
265693, 1098, 30.0, 1.0, 0.20369872450828552, 0.05 
265998, 1099, 40.0, 1.0, 0.10834631323814392, 0.05 
266288, 1100, 34.0, 0.0, 0.1937166452407837, 0.05 
266489, 1101, 23.0, 0.0, 0.23354694247245789, 0.05 
266845, 1102, 22.0, 1.0, 0.19637852907180786, 0.05 
267224, 1103, 38.0, 0.0, 0.3183274269104004, 0.05 
267445, 1104, 26.0, 0.0, 0.05338887870311737, 0.05 
267737, 1105, 30.0, 0.0, 0.31551533937454224, 0.05 
268030, 1106, 28.0, 0.0, 0.2756466567516327, 0.05 
268489, 1107, 43.0, 1.0, 0.08217489719390869, 0.05 
268770, 1108, 28.0, 1.0, 0.08744759857654572, 0.05 
269040, 1109, 32.0, 0.0, 0.053856778889894485, 0.05 
269330, 1110, 29.0, 1.0, 0.317200630903244, 0.05 
269611, 1111, 25.0, 0.0, 0.21156856417655945, 0.05 
269957, 1112, 36.0, -1.0, 0.13314062356948853, 0.05 
270157, 1113, 37.0, -1.0, 0.04533400014042854, 0.05 
270591, 1114, 35.0, 0.0, 0.1284981369972229, 0.05 
270885, 1115, 30.0, 0.0, 0.14742380380630493, 0.05 
271418, 1116, 27.0, 0.0, 0.1927822232246399, 0.05 
271687, 1117, 39.0, 1.0, 0.18008556962013245, 0.05 
271922, 1118, 37.0, 1.0, 0.1950436234474182, 0.05 
272289, 1119, 42.0, 1.0, 0.21478593349456787, 0.05 
272578, 1120, 32.0, 1.0, 0.04766546189785004, 0.05 
272825, 1121, 26.0, -1.0, 0.0794561579823494, 0.05 
273143, 1122, 42.0, 1.0, 0.4534754455089569, 0.05 
273392, 1123, 31.0, 1.0, 0.24424853920936584, 0.05 
273703, 1124, 37.0, 0.0, 0.27151069045066833, 0.05 
273902, 1125, 30.0, 1.0, 0.07656809687614441, 0.05 
274142, 1126, 40.0, 0.0, 0.05242138355970383, 0.05 
274432, 1127, 39.0, 1.0, 0.39958739280700684, 0.05 
274800, 1128, 44.0, 1.0, 0.2163911908864975, 0.05 
275082, 1129, 37.0, 0.0, 0.19674785435199738, 0.05 
275447, 1130, 32.0, 0.0, 0.07247202843427658, 0.05 
275806, 1131, 24.0, 1.0, 0.2578798532485962, 0.05 
276079, 1132, 41.0, 1.0, 0.07788586616516113, 0.05 
276387, 1133, 35.0, 1.0, 0.14080648124217987, 0.05 
276675, 1134, 36.0, 0.0, 0.15700313448905945, 0.05 
277020, 1135, 30.0, 1.0, 0.04727030545473099, 0.05 
277400, 1136, 37.0, 0.0, 0.23748862743377686, 0.05 
277685, 1137, 34.0, 1.0, 0.11685751378536224, 0.05 
277954, 1138, 36.0, -1.0, 0.168476864695549, 0.05 
278346, 1139, 44.0, 0.0, 0.1744646430015564, 0.05 
278589, 1140, 27.0, 1.0, 0.20689348876476288, 0.05 
279068, 1141, 46.0, -1.0, 0.3058599531650543, 0.05 
279412, 1142, 34.0, 0.0, 0.10777989029884338, 0.05 
279722, 1143, 37.0, 0.0, 0.0580897256731987, 0.05 
280108, 1144, 43.0, 1.0, 0.24767336249351501, 0.05 
280561, 1145, 42.0, -1.0, 0.16122910380363464, 0.05 
280925, 1146, 34.0, 0.0, 0.06051816791296005, 0.05 
281263, 1147, 33.0, 0.0, 0.1706741899251938, 0.05 
281724, 1148, 34.0, 0.0, 0.262539803981781, 0.05 
282122, 1149, 34.0, 1.0, 0.22200271487236023, 0.05 
282406, 1150, 27.0, 0.0, 0.16342738270759583, 0.05 
282805, 1151, 29.0, 1.0, 0.12127841264009476, 0.05 
283176, 1152, 41.0, 0.0, 0.16254714131355286, 0.05 
283474, 1153, 38.0, 0.0, 0.13811816275119781, 0.05 
283878, 1154, 28.0, 1.0, 0.16859030723571777, 0.05 
284246, 1155, 38.0, 0.0, 0.12769421935081482, 0.05 
284515, 1156, 26.0, 0.0, 0.1836094707250595, 0.05 
284984, 1157, 42.0, 1.0, 0.06849898397922516, 0.05 
285302, 1158, 33.0, 1.0, 0.21995650231838226, 0.05 
285596, 1159, 39.0, 1.0, 0.2194165140390396, 0.05 
285896, 1160, 38.0, 1.0, 0.08850500732660294, 0.05 
286293, 1161, 38.0, -1.0, 0.057281240820884705, 0.05 
286502, 1162, 26.0, 1.0, 0.1316504031419754, 0.05 
286952, 1163, 35.0, 1.0, 0.32718032598495483, 0.05 
287460, 1164, 37.0, 0.0, 0.13726696372032166, 0.05 
287826, 1165, 38.0, -1.0, 0.12619416415691376, 0.05 
288005, 1166, 27.0, 1.0, 0.060093678534030914, 0.05 
288477, 1167, 38.0, 1.0, 0.04278524965047836, 0.05 
288938, 1168, 42.0, 0.0, 0.15706183016300201, 0.05 
289238, 1169, 34.0, 1.0, 0.1379663348197937, 0.05 
289601, 1170, 36.0, 1.0, 0.30954116582870483, 0.05 
289990, 1171, 33.0, 0.0, 0.21697264909744263, 0.05 
290255, 1172, 34.0, 1.0, 0.22697369754314423, 0.05 
290475, 1173, 25.0, 0.0, 0.21681421995162964, 0.05 
290849, 1174, 30.0, 1.0, 0.2872903347015381, 0.05 
291294, 1175, 42.0, 1.0, 0.05654177814722061, 0.05 
291744, 1176, 32.0, 1.0, 0.16207805275917053, 0.05 
291989, 1177, 29.0, 0.0, 0.10307607054710388, 0.05 
292296, 1178, 38.0, 0.0, 0.11854353547096252, 0.05 
292636, 1179, 36.0, 1.0, 0.1446782350540161, 0.05 
293028, 1180, 36.0, 1.0, 0.10505984723567963, 0.05 
293278, 1181, 35.0, 1.0, 0.08694303780794144, 0.05 
293773, 1182, 35.0, 1.0, 0.072559654712677, 0.05 
294060, 1183, 39.0, 1.0, 0.14764471352100372, 0.05 
294377, 1184, 30.0, 0.0, 0.048282191157341, 0.05 
294826, 1185, 39.0, 1.0, 0.06664851307868958, 0.05 
295030, 1186, 28.0, 0.0, 0.15413598716259003, 0.05 
295465, 1187, 33.0, 1.0, 0.21278484165668488, 0.05 
295822, 1188, 37.0, -1.0, 0.05472591146826744, 0.05 
296077, 1189, 27.0, 1.0, 0.2459608018398285, 0.05 
296330, 1190, 31.0, 0.0, 0.0997118353843689, 0.05 
296770, 1191, 36.0, 1.0, 0.15938696265220642, 0.05 
297119, 1192, 34.0, 0.0, 0.20584101974964142, 0.05 
297347, 1193, 35.0, 1.0, 0.25784656405448914, 0.05 
297771, 1194, 33.0, 1.0, 0.048342928290367126, 0.05 
298276, 1195, 42.0, 0.0, 0.08250336349010468, 0.05 
298623, 1196, 38.0, 1.0, 0.060045357793569565, 0.05 
298927, 1197, 37.0, 0.0, 0.29464468359947205, 0.05 
299217, 1198, 42.0, 0.0, 0.1424866020679474, 0.05 
299470, 1199, 34.0, 1.0, 0.0928892195224762, 0.05 
299904, 1200, 37.0, 1.0, 0.08890953660011292, 0.05 
300203, 1201, 39.0, 0.0, 0.3117644190788269, 0.05 
300489, 1202, 33.0, 1.0, 0.13818241655826569, 0.05 
300942, 1203, 35.0, 1.0, 0.2847830057144165, 0.05 
301206, 1204, 38.0, 1.0, 0.1243416965007782, 0.05 
301742, 1205, 79.0, -1.0, 0.1637851744890213, 0.05 
302157, 1206, 33.0, 0.0, 0.10334330797195435, 0.05 
302495, 1207, 30.0, 1.0, 0.033640265464782715, 0.05 
302698, 1208, 29.0, 1.0, 0.15195229649543762, 0.05 
303060, 1209, 37.0, 1.0, 0.1813901662826538, 0.05 
303363, 1210, 34.0, 1.0, 0.26215243339538574, 0.05 
303777, 1211, 32.0, 1.0, 0.04836004972457886, 0.05 
303961, 1212, 21.0, 0.0, 0.10839303582906723, 0.05 
304269, 1213, 41.0, 0.0, 0.3577195703983307, 0.05 
304515, 1214, 30.0, -1.0, 0.10064864158630371, 0.05 
304836, 1215, 41.0, 1.0, 0.2630012631416321, 0.05 
305212, 1216, 34.0, 0.0, 0.14180806279182434, 0.05 
305529, 1217, 30.0, 0.0, 0.14490792155265808, 0.05 
305921, 1218, 38.0, 1.0, 0.03526400029659271, 0.05 
306319, 1219, 37.0, 0.0, 0.15667952597141266, 0.05 
306616, 1220, 37.0, -1.0, 0.05760588124394417, 0.05 
306937, 1221, 40.0, 0.0, 0.1808708757162094, 0.05 
307211, 1222, 25.0, 0.0, 0.2008514106273651, 0.05 
307574, 1223, 41.0, 1.0, 0.106747567653656, 0.05 
308087, 1224, 38.0, 0.0, 0.11387725919485092, 0.05 
308418, 1225, 42.0, 0.0, 0.2744184136390686, 0.05 
308771, 1226, 36.0, -1.0, 0.09063153713941574, 0.05 
309173, 1227, 41.0, 1.0, 0.03571607917547226, 0.05 
309586, 1228, 35.0, 0.0, 0.09407802671194077, 0.05 
309876, 1229, 34.0, 1.0, 0.053523868322372437, 0.05 
310188, 1230, 34.0, 0.0, 0.1265035718679428, 0.05 
310621, 1231, 42.0, 1.0, 0.2571084201335907, 0.05 
310918, 1232, 33.0, 0.0, 0.11561951041221619, 0.05 
311134, 1233, 32.0, 1.0, 0.10983933508396149, 0.05 
311469, 1234, 33.0, 1.0, 0.055752888321876526, 0.05 
311845, 1235, 37.0, 0.0, 0.2173236906528473, 0.05 
312315, 1236, 39.0, 1.0, 0.1702367067337036, 0.05 
312557, 1237, 35.0, 0.0, 0.0496019683778286, 0.05 
312883, 1238, 39.0, 1.0, 0.1675661951303482, 0.05 
313286, 1239, 41.0, 0.0, 0.27177613973617554, 0.05 
313450, 1240, 18.0, 1.0, 0.04396069794893265, 0.05 
313851, 1241, 36.0, 0.0, 0.05357208102941513, 0.05 
314288, 1242, 41.0, 1.0, 0.2751728296279907, 0.05 
314444, 1243, 15.0, 1.0, 0.3259745240211487, 0.05 
314954, 1244, 41.0, 0.0, 0.11233104765415192, 0.05 
315331, 1245, 41.0, 0.0, 0.24846488237380981, 0.05 
315605, 1246, 32.0, 1.0, 0.04062248021364212, 0.05 
315962, 1247, 37.0, 1.0, 0.07042042911052704, 0.05 
316279, 1248, 40.0, 1.0, 0.05437047779560089, 0.05 
316562, 1249, 35.0, 1.0, 0.19449961185455322, 0.05 
316984, 1250, 43.0, 1.0, 0.042279332876205444, 0.05 
317249, 1251, 38.0, -1.0, 0.24566510319709778, 0.05 
317445, 1252, 25.0, 0.0, 0.07185015082359314, 0.05 
318067, 1253, 44.0, 1.0, 0.1295536607503891, 0.05 
318318, 1254, 35.0, 1.0, 0.19715017080307007, 0.05 
318518, 1255, 21.0, 1.0, 0.10711956024169922, 0.05 
318874, 1256, 32.0, 0.0, 0.10679411888122559, 0.05 
319271, 1257, 88.0, 1.0, 0.1711866408586502, 0.05 
319890, 1258, 31.0, -1.0, 0.13630801439285278, 0.05 
320171, 1259, 32.0, 1.0, 0.074099600315094, 0.05 
320415, 1260, 34.0, 1.0, 0.07383637130260468, 0.05 
320756, 1261, 24.0, 0.0, 0.1527620255947113, 0.05 
321096, 1262, 40.0, 0.0, 0.09716863930225372, 0.05 
321410, 1263, 32.0, 1.0, 0.12655210494995117, 0.05 
321699, 1264, 35.0, 1.0, 0.07501555979251862, 0.05 
322047, 1265, 28.0, 1.0, 0.14682325720787048, 0.05 
322618, 1266, 41.0, 0.0, 0.06763908267021179, 0.05 
322966, 1267, 34.0, -1.0, 0.06799101084470749, 0.05 
323340, 1268, 39.0, 0.0, 0.09757038950920105, 0.05 
323773, 1269, 29.0, 1.0, 0.09953553229570389, 0.05 
324071, 1270, 31.0, 1.0, 0.03627372160553932, 0.05 
324274, 1271, 19.0, -1.0, 0.25140225887298584, 0.05 
324602, 1272, 37.0, 1.0, 0.1639646738767624, 0.05 
325157, 1273, 43.0, 1.0, 0.03208053857088089, 0.05 
325611, 1274, 44.0, 1.0, 0.07548585534095764, 0.05 
326154, 1275, 27.0, 0.0, 0.16890864074230194, 0.05 
326532, 1276, 15.0, 1.0, 0.26615768671035767, 0.05 
327049, 1277, 20.0, 1.0, 0.27341580390930176, 0.05 
327210, 1278, 19.0, 1.0, 0.08813242614269257, 0.05 
327533, 1279, 29.0, 0.0, 0.040606461465358734, 0.05 
328077, 1280, 29.0, 0.0, 0.14732016623020172, 0.05 
328589, 1281, 27.0, 1.0, 0.05616207793354988, 0.05 
329021, 1282, 27.0, 1.0, 0.08930075913667679, 0.05 
329430, 1283, 35.0, 1.0, 0.039425626397132874, 0.05 
330062, 1284, 39.0, 0.0, 0.14918282628059387, 0.05 
330337, 1285, 32.0, 1.0, 0.1397418975830078, 0.05 
330738, 1286, 30.0, 1.0, 0.1079435795545578, 0.05 
330936, 1287, 25.0, 1.0, 0.0489327572286129, 0.05 
331250, 1288, 43.0, 1.0, 0.030518915504217148, 0.05 
331516, 1289, 34.0, 1.0, 0.06089171767234802, 0.05 
331776, 1290, 21.0, 1.0, 0.03732161596417427, 0.05 
332149, 1291, 33.0, 1.0, 0.08146697282791138, 0.05 
332437, 1292, 36.0, 1.0, 0.08535926043987274, 0.05 
332904, 1293, 43.0, 1.0, 0.0535767525434494, 0.05 
333348, 1294, 35.0, -1.0, 0.18443089723587036, 0.05 
333798, 1295, 38.0, 0.0, 0.13387858867645264, 0.05 
334244, 1296, 39.0, 1.0, 0.04997391253709793, 0.05 
334554, 1297, 32.0, 1.0, 0.05291295051574707, 0.05 
334823, 1298, 27.0, 0.0, 0.1421673595905304, 0.05 
335124, 1299, 35.0, -1.0, 0.13695597648620605, 0.05 
335274, 1300, 21.0, 1.0, 0.07904394716024399, 0.05 
335509, 1301, 34.0, 1.0, 0.04359254986047745, 0.05 
335809, 1302, 24.0, 1.0, 0.3063409924507141, 0.05 
336006, 1303, 37.0, 0.0, 0.14164315164089203, 0.05 
336375, 1304, 36.0, 1.0, 0.10353599488735199, 0.05 
336651, 1305, 29.0, 1.0, 0.09199483692646027, 0.05 
337080, 1306, 41.0, -1.0, 0.16149716079235077, 0.05 
337442, 1307, 39.0, -1.0, 0.07797309756278992, 0.05 
337727, 1308, 25.0, -1.0, 0.15661023557186127, 0.05 
338064, 1309, 34.0, 1.0, 0.12207512557506561, 0.05 
338508, 1310, 35.0, 1.0, 0.08506832271814346, 0.05 
338826, 1311, 42.0, 0.0, 0.17387796938419342, 0.05 
339036, 1312, 31.0, 0.0, 0.05773169547319412, 0.05 
339327, 1313, 37.0, 1.0, 0.057581085711717606, 0.05 
339829, 1314, 33.0, 1.0, 0.03614286705851555, 0.05 
340002, 1315, 29.0, 0.0, 0.12463764101266861, 0.05 
340254, 1316, 38.0, 1.0, 0.2516733407974243, 0.05 
340634, 1317, 39.0, -1.0, 0.05319754406809807, 0.05 
340937, 1318, 31.0, 0.0, 0.02472272887825966, 0.05 
341169, 1319, 37.0, 1.0, 0.06681106984615326, 0.05 
341476, 1320, 34.0, 1.0, 0.1257634162902832, 0.05 
341995, 1321, 61.0, 0.0, 0.05391160398721695, 0.05 
342235, 1322, 39.0, 1.0, 0.31054452061653137, 0.05 
342611, 1323, 35.0, 1.0, 0.07805418968200684, 0.05 
342800, 1324, 26.0, 0.0, 0.05404767021536827, 0.05 
343197, 1325, 41.0, 0.0, 0.05219239741563797, 0.05 
343733, 1326, 39.0, 1.0, 0.34368234872817993, 0.05 
343949, 1327, 30.0, 0.0, 0.2092425525188446, 0.05 
344268, 1328, 43.0, 0.0, 0.08988437801599503, 0.05 
344906, 1329, 41.0, 1.0, 0.04831332340836525, 0.05 
345166, 1330, 37.0, 0.0, 0.1383262425661087, 0.05 
345360, 1331, 28.0, 1.0, 0.1400449275970459, 0.05 
345614, 1332, 40.0, 0.0, 0.05250801146030426, 0.05 
345905, 1333, 39.0, 1.0, 0.04597863927483559, 0.05 
346251, 1334, 39.0, -1.0, 0.08625760674476624, 0.05 
346696, 1335, 38.0, 0.0, 0.11607472598552704, 0.05 
347141, 1336, 45.0, 1.0, 0.1359754502773285, 0.05 
347609, 1337, 38.0, 1.0, 0.28643161058425903, 0.05 
347966, 1338, 38.0, 0.0, 0.2220725119113922, 0.05 
348178, 1339, 31.0, 1.0, 0.10420618951320648, 0.05 
348634, 1340, 43.0, 1.0, 0.32862478494644165, 0.05 
348873, 1341, 30.0, 1.0, 0.020306935533881187, 0.05 
349107, 1342, 39.0, 0.0, 0.11734483391046524, 0.05 
349272, 1343, 20.0, 0.0, 0.059102434664964676, 0.05 
349617, 1344, 38.0, 0.0, 0.5349022150039673, 0.05 
349861, 1345, 30.0, 1.0, 0.04902002215385437, 0.05 
350235, 1346, 35.0, 1.0, 0.15454810857772827, 0.05 
350585, 1347, 42.0, 1.0, 0.15444859862327576, 0.05 
350800, 1348, 33.0, 1.0, 0.15805646777153015, 0.05 
351039, 1349, 38.0, 1.0, 0.15866538882255554, 0.05 
351267, 1350, 32.0, 1.0, 0.04981061816215515, 0.05 
351770, 1351, 35.0, 1.0, 0.049249276518821716, 0.05 
352092, 1352, 33.0, 0.0, 0.03885436803102493, 0.05 
352353, 1353, 33.0, -1.0, 0.20631705224514008, 0.05 
352659, 1354, 29.0, 1.0, 0.48822784423828125, 0.05 
352980, 1355, 30.0, 0.0, 0.08765630424022675, 0.05 
353329, 1356, 39.0, 0.0, 0.19228458404541016, 0.05 
353531, 1357, 29.0, 1.0, 0.14220915734767914, 0.05 
353928, 1358, 38.0, 0.0, 0.2775576710700989, 0.05 
354152, 1359, 38.0, 1.0, 0.05238848179578781, 0.05 
354415, 1360, 37.0, 1.0, 0.13171303272247314, 0.05 
354909, 1361, 39.0, 0.0, 0.04207511991262436, 0.05 
355169, 1362, 37.0, 0.0, 0.11008744686841965, 0.05 
355652, 1363, 42.0, 0.0, 0.07372348755598068, 0.05 
356189, 1364, 42.0, 1.0, 0.10313248634338379, 0.05 
356650, 1365, 35.0, 0.0, 0.15278486907482147, 0.05 
356972, 1366, 43.0, 1.0, 0.22839930653572083, 0.05 
357430, 1367, 37.0, 1.0, 0.05718585476279259, 0.05 
358066, 1368, 46.0, 1.0, 0.04093734920024872, 0.05 
358404, 1369, 39.0, -1.0, 0.04850805923342705, 0.05 
358778, 1370, 42.0, 1.0, 0.06464949250221252, 0.05 
359249, 1371, 46.0, 1.0, 0.048776332288980484, 0.05 
359532, 1372, 28.0, 0.0, 0.2998847961425781, 0.05 
359955, 1373, 43.0, 1.0, 0.1852652132511139, 0.05 
360381, 1374, 44.0, 0.0, 0.07661795616149902, 0.05 
360613, 1375, 32.0, 0.0, 0.05279030650854111, 0.05 
361068, 1376, 41.0, 0.0, 0.09570351243019104, 0.05 
361444, 1377, 40.0, -1.0, 0.08310915529727936, 0.05 
361730, 1378, 35.0, 0.0, 0.16913922131061554, 0.05 
362061, 1379, 36.0, 0.0, 0.10380840301513672, 0.05 
362298, 1380, 31.0, 0.0, 0.03307296335697174, 0.05 
362570, 1381, 34.0, -1.0, 0.042760930955410004, 0.05 
362808, 1382, 24.0, 1.0, 0.056444063782691956, 0.05 
363260, 1383, 37.0, -1.0, 0.29703277349472046, 0.05 
363698, 1384, 38.0, 0.0, 0.07923498749732971, 0.05 
364090, 1385, 29.0, 0.0, 0.07135792821645737, 0.05 
364641, 1386, 34.0, 0.0, 0.08448415994644165, 0.05 
365017, 1387, 36.0, 1.0, 0.2373179793357849, 0.05 
365462, 1388, 39.0, -1.0, 0.11868210881948471, 0.05 
365973, 1389, 40.0, 0.0, 0.17480814456939697, 0.05 
366429, 1390, 36.0, 0.0, 0.14933480322360992, 0.05 
366760, 1391, 40.0, 0.0, 0.12383484095335007, 0.05 
367159, 1392, 37.0, 0.0, 0.021816568449139595, 0.05 
367489, 1393, 28.0, -1.0, 0.08619559556245804, 0.05 
367673, 1394, 33.0, 1.0, 0.07104581594467163, 0.05 
367994, 1395, 35.0, 0.0, 0.11789873242378235, 0.05 
368421, 1396, 36.0, 0.0, 0.04665403813123703, 0.05 
368718, 1397, 37.0, 1.0, 0.028258340433239937, 0.05 
369104, 1398, 38.0, 0.0, 0.053835079073905945, 0.05 
369615, 1399, 39.0, 0.0, 0.21865764260292053, 0.05 
370054, 1400, 33.0, 0.0, 0.059568338096141815, 0.05 
370308, 1401, 31.0, 0.0, 0.04411163926124573, 0.05 
370784, 1402, 34.0, 0.0, 0.13119500875473022, 0.05 
371118, 1403, 25.0, 0.0, 0.03927125036716461, 0.05 
371457, 1404, 38.0, 0.0, 0.1005731150507927, 0.05 
371996, 1405, 73.0, 1.0, 0.055779777467250824, 0.05 
372590, 1406, 34.0, 1.0, 0.07507744431495667, 0.05 
373293, 1407, 32.0, 0.0, 0.028856076300144196, 0.05 
373931, 1408, 36.0, 0.0, 0.04418114200234413, 0.05 
374451, 1409, 30.0, 1.0, 0.1027778685092926, 0.05 
374767, 1410, 28.0, 0.0, 0.03532014042139053, 0.05 
375212, 1411, 37.0, 0.0, 0.26011228561401367, 0.05 
375552, 1412, 38.0, 0.0, 0.03977034613490105, 0.05 
375831, 1413, 26.0, 1.0, 0.06941701471805573, 0.05 
376174, 1414, 35.0, 1.0, 0.04305032268166542, 0.05 
376532, 1415, 38.0, 0.0, 0.04791763424873352, 0.05 
377037, 1416, 36.0, 0.0, 0.05241294950246811, 0.05 
377374, 1417, 34.0, 0.0, 0.15746940672397614, 0.05 
377737, 1418, 41.0, -1.0, 0.030952852219343185, 0.05 
378054, 1419, 40.0, 0.0, 0.039207637310028076, 0.05 
378581, 1420, 39.0, 0.0, 0.08808423578739166, 0.05 
378825, 1421, 33.0, 1.0, 0.032973721623420715, 0.05 
379233, 1422, 49.0, -1.0, 0.10842537879943848, 0.05 
379500, 1423, 26.0, 1.0, 0.049319587647914886, 0.05 
379809, 1424, 35.0, 1.0, 0.25988003611564636, 0.05 
380118, 1425, 35.0, 1.0, 0.14168213307857513, 0.05 
380492, 1426, 37.0, 1.0, 0.0748325064778328, 0.05 
381059, 1427, 39.0, 0.0, 0.14717181026935577, 0.05 
381395, 1428, 36.0, -0.5, 0.1645052433013916, 0.05 
381741, 1429, 38.0, 0.0, 0.037245266139507294, 0.05 
382002, 1430, 33.0, 0.0, 0.030413977801799774, 0.05 
382456, 1431, 42.0, -1.0, 0.023617032915353775, 0.05 
382655, 1432, 30.0, 0.0, 0.15123718976974487, 0.05 
383225, 1433, 40.0, 0.0, 0.12116914242506027, 0.05 
383492, 1434, 30.0, -1.0, 0.22396598756313324, 0.05 
383803, 1435, 41.0, 0.0, 0.15483897924423218, 0.05 
384064, 1436, 29.0, 1.0, 0.1743268072605133, 0.05 
384248, 1437, 30.0, 1.0, 0.0627295970916748, 0.05 
384366, 1438, 18.0, 0.0, 0.0649508610367775, 0.05 
384596, 1439, 34.0, 1.0, 0.04135792329907417, 0.05 
384919, 1440, 37.0, 0.0, 0.24957139790058136, 0.05 
385258, 1441, 37.0, 1.0, 0.1423691362142563, 0.05 
385729, 1442, 44.0, 0.0, 0.0247267447412014, 0.05 
386151, 1443, 31.0, 0.0, 0.03582072630524635, 0.05 
386690, 1444, 32.0, 0.0, 0.036916106939315796, 0.05 
386807, 1445, 18.0, 0.0, 0.0311538428068161, 0.05 
387165, 1446, 36.0, 0.0, 0.04406243562698364, 0.05 
387509, 1447, 38.0, 0.0, 0.0963854268193245, 0.05 
387965, 1448, 40.0, 0.0, 0.12099554389715195, 0.05 
388427, 1449, 42.0, 1.0, 0.0592929869890213, 0.05 
388728, 1450, 42.0, 1.0, 0.18415439128875732, 0.05 
388930, 1451, 29.0, 1.0, 0.03889346122741699, 0.05 
389213, 1452, 37.0, -1.0, 0.01929621957242489, 0.05 
389617, 1453, 41.0, 0.0, 0.11539595574140549, 0.05 
389841, 1454, 34.0, 0.0, 0.049773089587688446, 0.05 
390237, 1455, 35.0, 0.0, 0.12379499524831772, 0.05 
390525, 1456, 33.0, 0.0, 0.04543695226311684, 0.05 
390833, 1457, 31.0, -1.0, 0.16407352685928345, 0.05 
391338, 1458, 40.0, 0.0, 0.09814905375242233, 0.05 
391632, 1459, 32.0, 1.0, 0.07597815990447998, 0.05 
392101, 1460, 32.0, 0.0, 0.16718682646751404, 0.05 
392602, 1461, 40.0, 0.0, 0.055809129029512405, 0.05 
392958, 1462, 41.0, 1.0, 0.11542253196239471, 0.05 
393280, 1463, 34.0, 0.0, 0.05383848398923874, 0.05 
393740, 1464, 39.0, 0.0, 0.05039167404174805, 0.05 
394100, 1465, 37.0, 0.0, 0.03840038925409317, 0.05 
394400, 1466, 34.0, 1.0, 0.06255967915058136, 0.05 
394896, 1467, 37.0, 0.0, 0.09762053191661835, 0.05 
395193, 1468, 38.0, 0.0, 0.06996019184589386, 0.05 
395590, 1469, 40.0, 0.0, 0.03418548032641411, 0.05 
395878, 1470, 40.0, 0.0, 0.06743643432855606, 0.05 
396182, 1471, 29.0, 0.0, 0.09321032464504242, 0.05 
396435, 1472, 30.0, 0.0, 0.02449462190270424, 0.05 
396791, 1473, 25.0, 1.0, 0.22158034145832062, 0.05 
397139, 1474, 35.0, 0.0, 0.18360725045204163, 0.05 
397619, 1475, 40.0, 1.0, 0.057650625705718994, 0.05 
397833, 1476, 32.0, 1.0, 0.057921797037124634, 0.05 
398224, 1477, 37.0, 1.0, 0.03170645236968994, 0.05 
398693, 1478, 37.0, -1.0, 0.035743217915296555, 0.05 
398993, 1479, 36.0, 1.0, 0.13292020559310913, 0.05 
399466, 1480, 42.0, 0.0, 0.044031772762537, 0.05 
399775, 1481, 35.0, 0.0, 0.13696825504302979, 0.05 
400269, 1482, 40.0, 0.0, 0.053804948925971985, 0.05 
400580, 1483, 38.0, 0.0, 0.041483961045742035, 0.05 
400985, 1484, 31.0, 0.0, 0.03334026783704758, 0.05 
401320, 1485, 38.0, 0.0, 0.16554537415504456, 0.05 
401587, 1486, 35.0, 0.0, 0.038746319711208344, 0.05 
401852, 1487, 33.0, 0.0, 0.07537370920181274, 0.05 
402333, 1488, 33.0, 0.0, 0.042603857815265656, 0.05 
402709, 1489, 31.0, 0.0, 0.04724787175655365, 0.05 
403006, 1490, 36.0, 0.0, 0.05526960641145706, 0.05 
403329, 1491, 36.0, -1.0, 0.12315265834331512, 0.05 
403518, 1492, 30.0, 0.0, 0.043093498796224594, 0.05 
403826, 1493, 32.0, 0.0, 0.1632808893918991, 0.05 
404161, 1494, 36.0, 0.0, 0.08199822902679443, 0.05 
404416, 1495, 35.0, 0.0, 0.10407433658838272, 0.05 
404867, 1496, 38.0, 0.0, 0.07965666800737381, 0.05 
405130, 1497, 32.0, 0.0, 0.2189866006374359, 0.05 
405410, 1498, 37.0, 1.0, 0.24840790033340454, 0.05 
405613, 1499, 30.0, 1.0, 0.043707650154829025, 0.05 
406010, 1500, 33.0, -1.0, 0.017782146111130714, 0.05 
406473, 1501, 44.0, 0.0, 0.028067057952284813, 0.05 
407111, 1502, 38.0, 1.0, 0.04149775207042694, 0.05 
407441, 1503, 36.0, 0.0, 0.06557287275791168, 0.05 
407718, 1504, 41.0, 1.0, 0.07553154975175858, 0.05 
408040, 1505, 33.0, 0.0, 0.088868148624897, 0.05 
408303, 1506, 31.0, 1.0, 0.03476164489984512, 0.05 
408647, 1507, 35.0, 0.0, 0.07450439035892487, 0.05 
408871, 1508, 35.0, 0.0, 0.0454980693757534, 0.05 
409206, 1509, 38.0, -1.0, 0.09549862146377563, 0.05 
409558, 1510, 32.0, 1.0, 0.19859036803245544, 0.05 
409767, 1511, 30.0, 1.0, 0.26567891240119934, 0.05 
410076, 1512, 33.0, 1.0, 0.2278277575969696, 0.05 
410451, 1513, 41.0, 0.0, 0.127397358417511, 0.05 
410888, 1514, 34.0, 1.0, 0.10145947337150574, 0.05 
411393, 1515, 42.0, 1.0, 0.023210708051919937, 0.05 
412052, 1516, 42.0, 0.0, 0.12693707644939423, 0.05 
412326, 1517, 29.0, 0.0, 0.034730032086372375, 0.05 
412686, 1518, 37.0, 1.0, 0.1696070283651352, 0.05 
413073, 1519, 29.0, -1.0, 0.07825662195682526, 0.05 
413464, 1520, 35.0, 0.0, 0.3113720417022705, 0.05 
413858, 1521, 29.0, 0.0, 0.04022778570652008, 0.05 
414076, 1522, 34.0, 1.0, 0.05385405570268631, 0.05 
414457, 1523, 38.0, 1.0, 0.038309164345264435, 0.05 
414850, 1524, 30.0, 0.0, 0.03937070816755295, 0.05 
415443, 1525, 42.0, -1.0, 0.02869696542620659, 0.05 
415948, 1526, 37.0, 0.0, 0.02870027720928192, 0.05 
416323, 1527, 41.0, 0.0, 0.10264299064874649, 0.05 
416641, 1528, 37.0, 1.0, 0.03807203471660614, 0.05 
417016, 1529, 41.0, 0.0, 0.1322907656431198, 0.05 
417599, 1530, 39.0, -1.0, 0.03641163557767868, 0.05 
417920, 1531, 37.0, 1.0, 0.07277370989322662, 0.05 
418498, 1532, 36.0, 0.0, 0.03756195306777954, 0.05 
419048, 1533, 42.0, -1.0, 0.03291165456175804, 0.05 
419366, 1534, 38.0, 1.0, 0.03549211472272873, 0.05 
419671, 1535, 36.0, 0.0, 0.05582365766167641, 0.05 
420078, 1536, 34.0, 1.0, 0.031467586755752563, 0.05 
420396, 1537, 30.0, 1.0, 0.07012111693620682, 0.05 
420630, 1538, 26.0, 0.0, 0.031055713072419167, 0.05 
420832, 1539, 23.0, -1.0, 0.028042564168572426, 0.05 
421033, 1540, 18.0, -1.0, 0.10093510895967484, 0.05 
421392, 1541, 35.0, 1.0, 0.024739742279052734, 0.05 
421792, 1542, 35.0, -1.0, 0.04469335079193115, 0.05 
421986, 1543, 33.0, 1.0, 0.037088021636009216, 0.05 
422283, 1544, 40.0, 0.0, 0.05095231905579567, 0.05 
422752, 1545, 88.0, -1.0, 0.04075026512145996, 0.05 
423001, 1546, 36.0, 1.0, 0.022891249507665634, 0.05 
423206, 1547, 21.0, 0.0, 0.03577248007059097, 0.05 
423459, 1548, 31.0, 0.0, 0.02094358392059803, 0.05 
423764, 1549, 37.0, 0.0, 0.32930850982666016, 0.05 
424139, 1550, 36.0, 1.0, 0.05817832052707672, 0.05 
424358, 1551, 29.0, 0.0, 0.07532013207674026, 0.05 
424595, 1552, 27.0, 0.0, 0.11154656857252121, 0.05 
425022, 1553, 34.0, 0.0, 0.036579545587301254, 0.05 
425417, 1554, 40.0, 1.0, 0.022056473419070244, 0.05 
425755, 1555, 36.0, 0.0, 0.06242985650897026, 0.05 
425945, 1556, 22.0, 1.0, 0.1081564724445343, 0.05 
426407, 1557, 40.0, 0.0, 0.03381207585334778, 0.05 
426699, 1558, 37.0, 1.0, 0.0509503148496151, 0.05 
426988, 1559, 40.0, -1.0, 0.128561869263649, 0.05 
427255, 1560, 42.0, 1.0, 0.07987450063228607, 0.05 
427759, 1561, 41.0, 0.0, 0.031434644013643265, 0.05 
427924, 1562, 20.0, 1.0, 0.0510479137301445, 0.05 
428499, 1563, 39.0, -1.0, 0.02220974862575531, 0.05 
428915, 1564, 40.0, 1.0, 0.0216793492436409, 0.05 
429195, 1565, 39.0, 1.0, 0.03710605949163437, 0.05 
429485, 1566, 39.0, 0.0, 0.149553120136261, 0.05 
429796, 1567, 37.0, 1.0, 0.12446202337741852, 0.05 
430216, 1568, 43.0, 0.0, 0.18998786807060242, 0.05 
430541, 1569, 33.0, 1.0, 0.06400743126869202, 0.05 
430873, 1570, 39.0, 1.0, 0.02745703235268593, 0.05 
431417, 1571, 44.0, 1.0, 0.14522720873355865, 0.05 
431801, 1572, 41.0, 0.0, 0.04367741942405701, 0.05 
432178, 1573, 39.0, 0.0, 0.24622862040996552, 0.05 
432508, 1574, 40.0, 1.0, 0.10182731598615646, 0.05 
432757, 1575, 25.0, 0.0, 0.06391550600528717, 0.05 
433077, 1576, 38.0, 1.0, 0.06046201288700104, 0.05 
433395, 1577, 35.0, 0.0, 0.02094174548983574, 0.05 
433658, 1578, 76.0, 0.0, 0.019744161516427994, 0.05 
433912, 1579, 38.0, 1.0, 0.08249129354953766, 0.05 
434465, 1580, 38.0, 1.0, 0.1825486421585083, 0.05 
434874, 1581, 90.0, 0.0, 0.16829827427864075, 0.05 
435150, 1582, 38.0, 1.0, 0.06186001002788544, 0.05 
435620, 1583, 39.0, 0.0, 0.03300453722476959, 0.05 
436008, 1584, 41.0, 1.0, 0.11861297488212585, 0.05 
436380, 1585, 38.0, -1.0, 0.020357482135295868, 0.05 
436833, 1586, 36.0, 0.0, 0.11653999239206314, 0.05 
437295, 1587, 39.0, 0.0, 0.10208895802497864, 0.05 
437846, 1588, 41.0, 0.0, 0.07122088968753815, 0.05 
438369, 1589, 44.0, 0.0, 0.04897186532616615, 0.05 
438747, 1590, 43.0, 1.0, 0.08877003192901611, 0.05 
438994, 1591, 30.0, 1.0, 0.24311624467372894, 0.05 
439336, 1592, 37.0, 0.0, 0.024953600019216537, 0.05 
439605, 1593, 35.0, 1.0, 0.10665663331747055, 0.05 
439829, 1594, 35.0, 0.0, 0.05847857892513275, 0.05 
440361, 1595, 37.0, 0.0, 0.0944909155368805, 0.05 
440619, 1596, 33.0, 0.0, 0.047808799892663956, 0.05 
440923, 1597, 34.0, 0.0, 0.02381288819015026, 0.05 
441329, 1598, 39.0, 0.0, 0.12542764842510223, 0.05 
441774, 1599, 42.0, 0.0, 0.03431504964828491, 0.05 
442257, 1600, 34.0, -1.0, 0.04166471213102341, 0.05 
442528, 1601, 34.0, 0.0, 0.08380801975727081, 0.05 
442690, 1602, 21.0, 1.0, 0.04113182798027992, 0.05 
443285, 1603, 40.0, 1.0, 0.10801875591278076, 0.05 
443606, 1604, 29.0, 1.0, 0.18727050721645355, 0.05 
443909, 1605, 32.0, 1.0, 0.32838305830955505, 0.05 
444221, 1606, 28.0, 0.0, 0.03788251802325249, 0.05 
444830, 1607, 40.0, 0.0, 0.1998332142829895, 0.05 
445076, 1608, 32.0, 0.0, 0.11866354942321777, 0.05 
445388, 1609, 40.0, 1.0, 0.019360901787877083, 0.05 
446004, 1610, 38.0, 0.0, 0.018985450267791748, 0.05 
446555, 1611, 41.0, 0.0, 0.1094091385602951, 0.05 
446848, 1612, 37.0, 1.0, 0.04485923424363136, 0.05 
447117, 1613, 24.0, 0.0, 0.025140170007944107, 0.05 
447505, 1614, 39.0, 1.0, 0.05583876371383667, 0.05 
447785, 1615, 38.0, 1.0, 0.026341155171394348, 0.05 
448094, 1616, 33.0, 0.0, 0.042162489145994186, 0.05 
448352, 1617, 36.0, 0.0, 0.020219389349222183, 0.05 
448588, 1618, 33.0, 1.0, 0.09650200605392456, 0.05 
448904, 1619, 38.0, 0.0, 0.17007827758789062, 0.05 
449312, 1620, 37.0, 0.0, 0.03136928007006645, 0.05 
449769, 1621, 41.0, 1.0, 0.08363354206085205, 0.05 
450336, 1622, 40.0, 1.0, 0.03719817101955414, 0.05 
450887, 1623, 39.0, 1.0, 0.021352753043174744, 0.05 
451236, 1624, 34.0, 0.0, 0.1620575487613678, 0.05 
451500, 1625, 33.0, 0.0, 0.04806644842028618, 0.05 
451882, 1626, 43.0, 1.0, 0.030288534238934517, 0.05 
452122, 1627, 36.0, 0.0, 0.05976139381527901, 0.05 
452442, 1628, 41.0, 1.0, 0.249921977519989, 0.05 
452659, 1629, 28.0, 1.0, 0.029205091297626495, 0.05 
452976, 1630, 30.0, 1.0, 0.03507578372955322, 0.05 
453294, 1631, 32.0, 0.0, 0.08955215662717819, 0.05 
453667, 1632, 40.0, 1.0, 0.04414447769522667, 0.05 
454161, 1633, 41.0, 0.0, 0.023071004077792168, 0.05 
454407, 1634, 26.0, 1.0, 0.11868927627801895, 0.05 
454705, 1635, 32.0, 1.0, 0.02963212877511978, 0.05 
455161, 1636, 39.0, 1.0, 0.03082187846302986, 0.05 
455492, 1637, 36.0, 0.0, 0.06806754320859909, 0.05 
455692, 1638, 27.0, 0.0, 0.03095378912985325, 0.05 
456054, 1639, 33.0, 1.0, 0.10606589913368225, 0.05 
456227, 1640, 27.0, 0.0, 0.01964709721505642, 0.05 
456561, 1641, 35.0, 0.0, 0.030622059479355812, 0.05 
457018, 1642, 37.0, 1.0, 0.20934870839118958, 0.05 
457629, 1643, 42.0, 1.0, 0.20678339898586273, 0.05 
458110, 1644, 38.0, -1.0, 0.08519347757101059, 0.05 
458436, 1645, 34.0, -1.0, 0.12310073524713516, 0.05 
458802, 1646, 32.0, 0.0, 0.10098261386156082, 0.05 
459269, 1647, 36.0, 1.0, 0.030475225299596786, 0.05 
459647, 1648, 34.0, -1.0, 0.05322974920272827, 0.05 
459990, 1649, 32.0, 1.0, 0.08850689232349396, 0.05 
460213, 1650, 26.0, 0.0, 0.040273454040288925, 0.05 
460676, 1651, 34.0, 0.0, 0.0352712944149971, 0.05 
461053, 1652, 39.0, 0.0, 0.08904695510864258, 0.05 
461688, 1653, 36.0, -1.0, 0.033372268080711365, 0.05 
462105, 1654, 29.0, 0.0, 0.031313519924879074, 0.05 
462377, 1655, 30.0, 1.0, 0.02006760984659195, 0.05 
462722, 1656, 37.0, 1.0, 0.09067445993423462, 0.05 
463004, 1657, 36.0, -1.0, 0.01435034442692995, 0.05 
463303, 1658, 35.0, 1.0, 0.0428672656416893, 0.05 
463614, 1659, 38.0, 1.0, 0.11725704371929169, 0.05 
464094, 1660, 34.0, 1.0, 0.05568499118089676, 0.05 
464602, 1661, 29.0, 0.0, 0.025612935423851013, 0.05 
465085, 1662, 31.0, 1.0, 0.04545344412326813, 0.05 
465399, 1663, 36.0, 1.0, 0.01523103192448616, 0.05 
465783, 1664, 34.0, 0.0, 0.11846957355737686, 0.05 
466415, 1665, 37.0, 0.0, 0.0945928692817688, 0.05 
466692, 1666, 25.0, 0.0, 0.2580040693283081, 0.05 
466930, 1667, 35.0, 1.0, 0.032260265201330185, 0.05 
467359, 1668, 38.0, -1.0, 0.06337082386016846, 0.05 
467720, 1669, 37.0, 1.0, 0.016308631747961044, 0.05 
468070, 1670, 33.0, 0.0, 0.06811226159334183, 0.05 
468309, 1671, 35.0, 0.0, 0.06877679377794266, 0.05 
469140, 1672, 41.0, 0.0, 0.019203336909413338, 0.05 
469650, 1673, 39.0, -1.0, 0.014768676832318306, 0.05 
470032, 1674, 30.0, -1.0, 0.021545790135860443, 0.05 
470715, 1675, 38.0, 1.0, 0.07948193699121475, 0.05 
471116, 1676, 35.0, -1.0, 0.023264074698090553, 0.05 
471651, 1677, 39.0, 1.0, 0.03391255438327789, 0.05 
471986, 1678, 28.0, 0.0, 0.17624539136886597, 0.05 
472247, 1679, 31.0, -1.0, 0.03505922481417656, 0.05 
472822, 1680, 36.0, 1.0, 0.11974810063838959, 0.05 
473059, 1681, 27.0, 1.0, 0.0428067184984684, 0.05 
473302, 1682, 26.0, 1.0, 0.06539017707109451, 0.05 
473661, 1683, 36.0, 0.0, 0.0734347254037857, 0.05 
473930, 1684, 33.0, 1.0, 0.03754338249564171, 0.05 
474461, 1685, 38.0, 0.0, 0.11018960922956467, 0.05 
474971, 1686, 39.0, 0.0, 0.0600535124540329, 0.05 
475329, 1687, 38.0, 0.0, 0.11611931025981903, 0.05 
475927, 1688, 36.0, 0.0, 0.28136712312698364, 0.05 
476320, 1689, 38.0, 0.0, 0.04794622212648392, 0.05 
476598, 1690, 28.0, 0.0, 0.027354130521416664, 0.05 
477057, 1691, 37.0, 1.0, 0.04835784435272217, 0.05 
477626, 1692, 39.0, 0.0, 0.10272113233804703, 0.05 
478312, 1693, 79.0, 0.0, 0.037821829319000244, 0.05 
478553, 1694, 28.0, 1.0, 0.058887921273708344, 0.05 
479012, 1695, 34.0, 0.0, 0.02098967134952545, 0.05 
479272, 1696, 21.0, 0.0, 0.020680014044046402, 0.05 
479497, 1697, 27.0, 0.0, 0.06902813911437988, 0.05 
479968, 1698, 28.0, 0.0, 0.0986706018447876, 0.05 
480331, 1699, 23.0, 1.0, 0.03587791323661804, 0.05 
480624, 1700, 27.0, 1.0, 0.08419514447450638, 0.05 
481102, 1701, 34.0, -1.0, 0.023177456110715866, 0.05 
481334, 1702, 25.0, 0.0, 0.09228043258190155, 0.05 
481710, 1703, 38.0, 1.0, 0.07644329965114594, 0.05 
482151, 1704, 38.0, 0.0, 0.15417596697807312, 0.05 
482565, 1705, 32.0, 1.0, 0.07600771635770798, 0.05 
482859, 1706, 34.0, 0.0, 0.08149878680706024, 0.05 
483158, 1707, 38.0, 1.0, 0.09464239329099655, 0.05 
483543, 1708, 39.0, -1.0, 0.027469560503959656, 0.05 
483812, 1709, 27.0, 0.0, 0.04053610935807228, 0.05 
484283, 1710, 40.0, 0.0, 0.04763849452137947, 0.05 
484834, 1711, 35.0, 0.0, 0.027824049815535545, 0.05 
485043, 1712, 26.0, 0.0, 0.03721994906663895, 0.05 
485446, 1713, 33.0, 1.0, 0.17609700560569763, 0.05 
485807, 1714, 36.0, 1.0, 0.05338747799396515, 0.05 
486115, 1715, 34.0, -1.0, 0.28169363737106323, 0.05 
486629, 1716, 37.0, 0.0, 0.10229437053203583, 0.05 
487034, 1717, 30.0, 1.0, 0.03177390247583389, 0.05 
487480, 1718, 37.0, 0.0, 0.021702073514461517, 0.05 
488045, 1719, 38.0, 0.0, 0.0774325355887413, 0.05 
488162, 1720, 16.0, 1.0, 0.02303379215300083, 0.05 
488408, 1721, 35.0, 1.0, 0.02259833924472332, 0.05 
488897, 1722, 36.0, 1.0, 0.13368910551071167, 0.05 
489394, 1723, 89.0, 0.0, 0.05316867679357529, 0.05 
489816, 1724, 31.0, 0.0, 0.03272763639688492, 0.05 
490246, 1725, 41.0, 0.0, 0.031267277896404266, 0.05 
490550, 1726, 35.0, 1.0, 0.1099758893251419, 0.05 
491066, 1727, 35.0, 0.0, 0.09148005396127701, 0.05 
491361, 1728, 35.0, 0.0, 0.03376809507608414, 0.05 
491865, 1729, 37.0, 0.0, 0.1268777996301651, 0.05 
492157, 1730, 29.0, 0.0, 0.13558384776115417, 0.05 
492347, 1731, 29.0, 0.0, 0.11288329213857651, 0.05 
492820, 1732, 35.0, 1.0, 0.021758660674095154, 0.05 
493138, 1733, 33.0, 0.0, 0.02858843468129635, 0.05 
493343, 1734, 28.0, -1.0, 0.04637853801250458, 0.05 
493633, 1735, 40.0, 0.0, 0.14984945952892303, 0.05 
494012, 1736, 37.0, 0.0, 0.0338180810213089, 0.05 
494309, 1737, 33.0, 0.0, 0.04143171384930611, 0.05 
494684, 1738, 37.0, 0.0, 0.01995823159813881, 0.05 
494893, 1739, 27.0, 1.0, 0.08252926915884018, 0.05 
495252, 1740, 38.0, 0.0, 0.05826788395643234, 0.05 
495727, 1741, 41.0, 1.0, 0.23734739422798157, 0.05 
496059, 1742, 33.0, 1.0, 0.12676028907299042, 0.05 
496454, 1743, 38.0, 0.0, 0.054174985736608505, 0.05 
496640, 1744, 18.0, 1.0, 0.02252385765314102, 0.05 
497080, 1745, 44.0, 1.0, 0.028645729646086693, 0.05 
497544, 1746, 37.0, -1.0, 0.05131625384092331, 0.05 
497924, 1747, 41.0, 0.0, 0.030630597844719887, 0.05 
498161, 1748, 28.0, 0.0, 0.14970821142196655, 0.05 
498550, 1749, 33.0, 1.0, 0.07980036735534668, 0.05 
498842, 1750, 33.0, -1.0, 0.02142881229519844, 0.05 
499244, 1751, 36.0, 1.0, 0.029469674453139305, 0.05 
499591, 1752, 40.0, 1.0, 0.020092759281396866, 0.05 
499946, 1753, 35.0, 1.0, 0.04053586721420288, 0.05 
500217, 1754, 29.0, -1.0, 0.05398039519786835, 0.05 
500501, 1755, 29.0, 0.0, 0.021010175347328186, 0.05 
500817, 1756, 29.0, 0.0, 0.02176094800233841, 0.05 
501105, 1757, 31.0, 1.0, 0.026460953056812286, 0.05 
501321, 1758, 35.0, 0.0, 0.06466559320688248, 0.05 
501523, 1759, 30.0, -1.0, 0.024102985858917236, 0.05 
501873, 1760, 20.0, 0.0, 0.0570300817489624, 0.05 
502217, 1761, 41.0, 0.0, 0.024648908525705338, 0.05 
503083, 1762, 43.0, 1.0, 0.06065269932150841, 0.05 
503307, 1763, 29.0, 0.0, 0.016850627958774567, 0.05 
503764, 1764, 41.0, -1.0, 0.02317468822002411, 0.05 
504198, 1765, 41.0, 0.0, 0.013580149039626122, 0.05 
504556, 1766, 38.0, 0.0, 0.014867573045194149, 0.05 
504900, 1767, 42.0, 0.0, 0.19703146815299988, 0.05 
505250, 1768, 32.0, 0.0, 0.031213127076625824, 0.05 
505696, 1769, 91.0, 1.0, 0.03038625605404377, 0.05 
506025, 1770, 36.0, 1.0, 0.12666772305965424, 0.05 
506485, 1771, 42.0, 0.0, 0.022257326170802116, 0.05 
506795, 1772, 42.0, 1.0, 0.05759340524673462, 0.05 
507359, 1773, 37.0, 1.0, 0.12963804602622986, 0.05 
507750, 1774, 34.0, 0.0, 0.038015060126781464, 0.05 
508135, 1775, 43.0, 1.0, 0.05030275881290436, 0.05 
508534, 1776, 37.0, -1.0, 0.06508424133062363, 0.05 
508890, 1777, 42.0, 1.0, 0.05670201778411865, 0.05 
509171, 1778, 29.0, 1.0, 0.18040211498737335, 0.05 
509736, 1779, 43.0, 1.0, 0.02536143735051155, 0.05 
510148, 1780, 43.0, 0.0, 0.020472927019000053, 0.05 
510444, 1781, 42.0, 1.0, 0.02909921109676361, 0.05 
510917, 1782, 37.0, 0.0, 0.022083885967731476, 0.05 
511194, 1783, 31.0, 1.0, 0.10231572389602661, 0.05 
511626, 1784, 37.0, -1.0, 0.02755669876933098, 0.05 
511926, 1785, 36.0, -1.0, 0.02899567410349846, 0.05 
512275, 1786, 40.0, 1.0, 0.1642875075340271, 0.05 
512633, 1787, 41.0, -1.0, 0.09172213077545166, 0.05 
513138, 1788, 46.0, 1.0, 0.02935837022960186, 0.05 
513465, 1789, 36.0, -1.0, 0.11262142658233643, 0.05 
513702, 1790, 37.0, 1.0, 0.10465919971466064, 0.05 
514054, 1791, 38.0, 1.0, 0.050436992198228836, 0.05 
514398, 1792, 36.0, 0.0, 0.12452691793441772, 0.05 
514840, 1793, 45.0, 1.0, 0.07759108394384384, 0.05 
515166, 1794, 36.0, 0.0, 0.09039664268493652, 0.05 
515591, 1795, 38.0, 1.0, 0.021970264613628387, 0.05 
515821, 1796, 26.0, 1.0, 0.07583491504192352, 0.05 
516175, 1797, 27.0, 0.0, 0.023084230720996857, 0.05 
516623, 1798, 40.0, 0.0, 0.01952146366238594, 0.05 
516846, 1799, 26.0, 1.0, 0.17236526310443878, 0.05 
517146, 1800, 41.0, 1.0, 0.09241309016942978, 0.05 
517435, 1801, 98.0, 1.0, 0.03357095271348953, 0.05 
517878, 1802, 38.0, 1.0, 0.0279577374458313, 0.05 
518178, 1803, 28.0, 0.0, 0.12173950672149658, 0.05 
518398, 1804, 34.0, 0.0, 0.01718750037252903, 0.05 
518703, 1805, 40.0, 1.0, 0.02415035478770733, 0.05 
519118, 1806, 32.0, 0.0, 0.02074359729886055, 0.05 
519431, 1807, 41.0, 1.0, 0.31617072224617004, 0.05 
519917, 1808, 41.0, 1.0, 0.0762174129486084, 0.05 
520380, 1809, 41.0, 1.0, 0.15724973380565643, 0.05 
520674, 1810, 30.0, 0.0, 0.06083478033542633, 0.05 
520910, 1811, 28.0, 0.0, 0.026088878512382507, 0.05 
521149, 1812, 34.0, 0.0, 0.10580490529537201, 0.05 
521729, 1813, 44.0, 0.0, 0.0658709704875946, 0.05 
522000, 1814, 32.0, 0.0, 0.02932470664381981, 0.05 
522382, 1815, 34.0, 1.0, 0.05693806707859039, 0.05 
522645, 1816, 29.0, 1.0, 0.03786352276802063, 0.05 
522940, 1817, 35.0, 1.0, 0.06368149816989899, 0.05 
523104, 1818, 28.0, 0.0, 0.028626244515180588, 0.05 
523461, 1819, 34.0, 0.0, 0.04400339350104332, 0.05 
523706, 1820, 32.0, -1.0, 0.07441750913858414, 0.05 
524142, 1821, 38.0, 0.0, 0.025595832616090775, 0.05 
524328, 1822, 32.0, 0.0, 0.03521755337715149, 0.05 
524654, 1823, 36.0, 0.0, 0.1553407609462738, 0.05 
524929, 1824, 33.0, 0.0, 0.12076347321271896, 0.05 
525230, 1825, 37.0, 1.0, 0.060168880969285965, 0.05 
525539, 1826, 31.0, 0.0, 0.01588081382215023, 0.05 
525814, 1827, 37.0, -1.0, 0.08414823561906815, 0.05 
526081, 1828, 33.0, 1.0, 0.029999498277902603, 0.05 
526304, 1829, 29.0, 0.0, 0.13006892800331116, 0.05 
526624, 1830, 31.0, -1.0, 0.179104283452034, 0.05 
526924, 1831, 35.0, 0.0, 0.1578889936208725, 0.05 
527153, 1832, 32.0, 1.0, 0.05264824628829956, 0.05 
527682, 1833, 41.0, 1.0, 0.09505520761013031, 0.05 
528004, 1834, 38.0, -1.0, 0.03494518995285034, 0.05 
528365, 1835, 34.0, 0.0, 0.04249093681573868, 0.05 
528819, 1836, 37.0, 1.0, 0.019169004634022713, 0.05 
529042, 1837, 35.0, 0.0, 0.029150091111660004, 0.05 
529460, 1838, 36.0, 0.0, 0.15672928094863892, 0.05 
529857, 1839, 33.0, -0.5, 0.09168445318937302, 0.05 
530319, 1840, 38.0, 1.0, 0.016335083171725273, 0.05 
530668, 1841, 38.0, 1.0, 0.02153998427093029, 0.05 
530960, 1842, 36.0, 1.0, 0.2643648684024811, 0.05 
531173, 1843, 31.0, 0.0, 0.019006026908755302, 0.05 
531568, 1844, 35.0, -1.0, 0.03031609207391739, 0.05 
531835, 1845, 34.0, 0.0, 0.08769861608743668, 0.05 
532138, 1846, 30.0, 0.0, 0.020596766844391823, 0.05 
532490, 1847, 34.0, 0.0, 0.06388480961322784, 0.05 
533063, 1848, 43.0, 1.0, 0.059523195028305054, 0.05 
533411, 1849, 33.0, 0.0, 0.15066376328468323, 0.05 
533788, 1850, 37.0, 0.0, 0.39326927065849304, 0.05 
534267, 1851, 35.0, 1.0, 0.22661612927913666, 0.05 
534601, 1852, 31.0, 1.0, 0.03466522693634033, 0.05 
534896, 1853, 36.0, -1.0, 0.06892137229442596, 0.05 
535312, 1854, 34.0, -1.0, 0.0223570317029953, 0.05 
535509, 1855, 29.0, 1.0, 0.03023388236761093, 0.05 
535722, 1856, 35.0, 1.0, 0.041104286909103394, 0.05 
536081, 1857, 30.0, 0.0, 0.0203477144241333, 0.05 
536412, 1858, 36.0, -1.0, 0.016698939725756645, 0.05 
536681, 1859, 26.0, 0.0, 0.06072567403316498, 0.05 
536967, 1860, 29.0, 1.0, 0.0283203087747097, 0.05 
537545, 1861, 38.0, 0.0, 0.07065050303936005, 0.05 
537780, 1862, 30.0, 0.0, 0.06374166160821915, 0.05 
538044, 1863, 26.0, 1.0, 0.14446139335632324, 0.05 
538503, 1864, 44.0, 1.0, 0.024334408342838287, 0.05 
539075, 1865, 37.0, 0.0, 0.09883075952529907, 0.05 
539303, 1866, 35.0, 1.0, 0.13272781670093536, 0.05 
539769, 1867, 37.0, 0.0, 0.03142179921269417, 0.05 
540284, 1868, 40.0, -1.0, 0.015953734517097473, 0.05 
540613, 1869, 39.0, 1.0, 0.03510671108961105, 0.05 
541017, 1870, 37.0, 0.0, 0.06348829716444016, 0.05 
541364, 1871, 44.0, 1.0, 0.016143742948770523, 0.05 
541592, 1872, 28.0, 0.0, 0.08446697890758514, 0.05 
542031, 1873, 40.0, 0.0, 0.05754553899168968, 0.05 
542406, 1874, 38.0, 1.0, 0.1662515252828598, 0.05 
542782, 1875, 37.0, 1.0, 0.039500705897808075, 0.05 
543417, 1876, 39.0, 1.0, 0.05998365581035614, 0.05 
543722, 1877, 37.0, 0.0, 0.08404518663883209, 0.05 
543911, 1878, 28.0, 1.0, 0.04250965267419815, 0.05 
544287, 1879, 37.0, 1.0, 0.06868279725313187, 0.05 
544436, 1880, 28.0, 0.0, 0.02729840576648712, 0.05 
544887, 1881, 38.0, 0.0, 0.041380397975444794, 0.05 
545183, 1882, 35.0, 1.0, 0.04525060951709747, 0.05 
545393, 1883, 29.0, 1.0, 0.03997717425227165, 0.05 
545793, 1884, 35.0, -1.0, 0.03754238039255142, 0.05 
546063, 1885, 38.0, 1.0, 0.054784923791885376, 0.05 
546443, 1886, 88.0, 0.0, 0.0977599173784256, 0.05 
546635, 1887, 28.0, 0.0, 0.025044266134500504, 0.05 
546849, 1888, 35.0, 0.0, 0.04238881543278694, 0.05 
547098, 1889, 27.0, 0.0, 0.026325950399041176, 0.05 
547536, 1890, 41.0, 0.0, 0.018563974648714066, 0.05 
547879, 1891, 37.0, 0.0, 0.017708418890833855, 0.05 
548353, 1892, 41.0, -1.0, 0.038521088659763336, 0.05 
548811, 1893, 37.0, 0.0, 0.05423402786254883, 0.05 
549312, 1894, 39.0, 0.0, 0.017120007425546646, 0.05 
549746, 1895, 37.0, 0.0, 0.09946724772453308, 0.05 
550096, 1896, 35.0, 1.0, 0.08212736994028091, 0.05 
550382, 1897, 29.0, 1.0, 0.029903918504714966, 0.05 
550771, 1898, 33.0, 1.0, 0.07174612581729889, 0.05 
550977, 1899, 33.0, 0.0, 0.20038005709648132, 0.05 
551243, 1900, 27.0, -1.0, 0.15500588715076447, 0.05 
551598, 1901, 41.0, -1.0, 0.08433422446250916, 0.05 
551893, 1902, 38.0, 1.0, 0.013582298532128334, 0.05 
552208, 1903, 27.0, -1.0, 0.04381365329027176, 0.05 
552675, 1904, 38.0, 0.0, 0.012735042721033096, 0.05 
552960, 1905, 38.0, 1.0, 0.020134583115577698, 0.05 
553276, 1906, 27.0, 0.0, 0.16316856443881989, 0.05 
553569, 1907, 29.0, 1.0, 0.1395789533853531, 0.05 
553740, 1908, 31.0, 0.0, 0.031436771154403687, 0.05 
554082, 1909, 39.0, 1.0, 0.07901331037282944, 0.05 
554468, 1910, 35.0, -1.0, 0.12133169174194336, 0.05 
554753, 1911, 28.0, 1.0, 0.07223966717720032, 0.05 
555164, 1912, 38.0, 0.0, 0.040134247392416, 0.05 
555489, 1913, 37.0, -1.0, 0.07552836090326309, 0.05 
555776, 1914, 42.0, 1.0, 0.015804260969161987, 0.05 
556084, 1915, 36.0, 1.0, 0.0661216527223587, 0.05 
556491, 1916, 44.0, 1.0, 0.03140128403902054, 0.05 
556737, 1917, 32.0, 0.0, 0.017805244773626328, 0.05 
557061, 1918, 35.0, 1.0, 0.12442057579755783, 0.05 
557387, 1919, 36.0, 1.0, 0.04188920930027962, 0.05 
557692, 1920, 38.0, 1.0, 0.04119040071964264, 0.05 
557937, 1921, 39.0, 0.0, 0.036568913608789444, 0.05 
558245, 1922, 29.0, 0.0, 0.06081116944551468, 0.05 
558576, 1923, 39.0, -1.0, 0.040954869240522385, 0.05 
558910, 1924, 37.0, 0.0, 0.01963135600090027, 0.05 
559141, 1925, 34.0, 1.0, 0.018626248463988304, 0.05 
559470, 1926, 36.0, 0.0, 0.03344707936048508, 0.05 
559794, 1927, 38.0, 1.0, 0.03148163855075836, 0.05 
560118, 1928, 37.0, -1.0, 0.02824259176850319, 0.05 
560574, 1929, 35.0, 0.0, 0.1353951394557953, 0.05 
560803, 1930, 32.0, 1.0, 0.03040180914103985, 0.05 
561124, 1931, 28.0, 0.0, 0.06851154565811157, 0.05 
561403, 1932, 33.0, -1.0, 0.012303205206990242, 0.05 
561638, 1933, 23.0, 0.0, 0.02932865545153618, 0.05 
561946, 1934, 39.0, 1.0, 0.022408034652471542, 0.05 
562294, 1935, 33.0, 1.0, 0.02991051785647869, 0.05 
562520, 1936, 39.0, 1.0, 0.12067792564630508, 0.05 
562839, 1937, 38.0, 1.0, 0.03744034469127655, 0.05 
563156, 1938, 37.0, 0.0, 0.01918691024184227, 0.05 
563384, 1939, 34.0, -1.0, 0.02261437475681305, 0.05 
563623, 1940, 26.0, -0.5, 0.05964694544672966, 0.05 
563940, 1941, 39.0, 1.0, 0.040525030344724655, 0.05 
564249, 1942, 37.0, 0.0, 0.028037279844284058, 0.05 
564572, 1943, 36.0, 0.0, 0.19072271883487701, 0.05 
564881, 1944, 28.0, 0.0, 0.021253079175949097, 0.05 
565255, 1945, 36.0, 0.0, 0.10911814123392105, 0.05 
565526, 1946, 43.0, 1.0, 0.2198009192943573, 0.05 
565765, 1947, 35.0, 1.0, 0.02094745822250843, 0.05 
