iter, episode, ep_real_reward, reward, loss, epsilon 
130, 0, 8.0, 1.0, 0, 1.0 
285, 1, 9.0, 0.0, 0, 1.0 
438, 2, 9.0, -1.0, 0, 1.0 
565, 3, 6.0, -1.0, 0, 1.0 
719, 4, 7.0, 0.0, 0, 1.0 
845, 5, 11.0, 1.0, 0, 1.0 
997, 6, 9.0, -1.0, 0, 1.0 
1133, 7, 6.0, 0.0, 0, 1.0 
1289, 8, 8.0, 0.0, 0, 1.0 
1423, 9, 8.0, 1.0, 0, 1.0 
1567, 10, 9.0, 1.0, 0, 1.0 
1686, 11, 6.0, 0.0, 0, 1.0 
1820, 12, 8.0, 0.0, 0, 1.0 
1993, 13, 11.0, 1.0, 0, 1.0 
2131, 14, 8.0, 1.0, 0, 1.0 
2252, 15, 7.0, 0.0, 0, 1.0 
2462, 16, 9.0, -1.0, 0, 1.0 
2587, 17, 5.0, 0.0, 0, 1.0 
2749, 18, 14.0, 0.0, 0, 1.0 
2863, 19, 7.0, 0.0, 0, 1.0 
3010, 20, 10.0, -1.0, 0, 1.0 
3112, 21, 9.0, 1.0, 0, 1.0 
3267, 22, 9.0, 1.0, 0, 1.0 
3359, 23, 6.0, 0.0, 0, 1.0 
3479, 24, 6.0, 1.0, 0, 1.0 
3633, 25, 7.0, 0.0, 0, 1.0 
3789, 26, 6.0, 0.0, 0, 1.0 
3991, 27, 10.0, 0.0, 0, 1.0 
4111, 28, 12.0, 1.0, 0, 1.0 
4275, 29, 9.0, 0.0, 0, 1.0 
4396, 30, 9.0, 1.0, 0, 1.0 
4504, 31, 10.0, 0.0, 0, 1.0 
4663, 32, 10.0, 0.0, 0, 1.0 
4791, 33, 5.0, 1.0, 0, 1.0 
4929, 34, 8.0, 1.0, 0, 1.0 
5121, 35, 8.0, 0.0, 0, 1.0 
5262, 36, 7.0, 0.0, 0, 1.0 
5389, 37, 7.0, 1.0, 0, 1.0 
5528, 38, 9.0, 1.0, 0, 1.0 
5730, 39, 11.0, 0.0, 0, 1.0 
5904, 40, 14.0, 0.0, 0, 1.0 
6029, 41, 7.0, 1.0, 0, 1.0 
6216, 42, 8.0, 1.0, 0, 1.0 
6366, 43, 8.0, 1.0, 0, 1.0 
6514, 44, 8.0, 1.0, 0, 1.0 
6704, 45, 12.0, 1.0, 0, 1.0 
6862, 46, 10.0, 1.0, 0, 1.0 
6986, 47, 8.0, 1.0, 0, 1.0 
7138, 48, 9.0, 0.0, 0, 1.0 
7249, 49, 7.0, 0.0, 0, 1.0 
7374, 50, 10.0, 0.0, 0, 1.0 
7497, 51, 5.0, 1.0, 0, 1.0 
7605, 52, 10.0, 1.0, 0, 1.0 
7756, 53, 8.0, 0.0, 0, 1.0 
7874, 54, 7.0, 1.0, 0, 1.0 
8045, 55, 10.0, 0.0, 0, 1.0 
8227, 56, 9.0, 0.0, 0, 1.0 
8403, 57, 13.0, 1.0, 0, 1.0 
8550, 58, 8.0, -0.5, 0, 1.0 
8654, 59, 5.0, 0.0, 0, 1.0 
8817, 60, 8.0, 1.0, 0, 1.0 
9016, 61, 15.0, 1.0, 0, 1.0 
9137, 62, 9.0, 1.0, 0, 1.0 
9320, 63, 8.0, 1.0, 0, 1.0 
9427, 64, 6.0, 1.0, 0, 1.0 
9550, 65, 5.0, 1.0, 0, 1.0 
9699, 66, 11.0, 1.0, 0, 1.0 
9834, 67, 9.0, 0.0, 0, 1.0 
9947, 68, 7.0, 1.0, 0, 1.0 
10107, 69, 9.0, -1.0, 0.16960912942886353, 0.8804902880812191 
10265, 70, 14.0, 0.0, 0.24058422446250916, 0.7283378693488802 
10354, 71, 8.0, 1.0, 0.29650169610977173, 0.6545191968457282 
10476, 72, 11.0, 1.0, 0.24128738045692444, 0.5653319072546238 
10621, 73, 15.0, 1.0, 0.46477076411247253, 0.47499701582462456 
10771, 74, 17.0, 1.0, 0.031207658350467682, 0.39670797674223274 
10869, 75, 10.0, 0.0, 0.10088543593883514, 0.3526689571783735 
10984, 76, 9.0, 1.0, 0.37708741426467896, 0.30718401096041137 
11147, 77, 13.0, 1.0, 0.23653843998908997, 0.2525803708062715 
11266, 78, 11.0, 0.0, 0.16526676714420319, 0.21895007804219038 
11412, 79, 12.0, 1.0, 0.648467481136322, 0.18374309249345508 
11534, 80, 11.0, 0.0, 0.3640601634979248, 0.15870555581072057 
11723, 81, 11.0, 0.0, 0.38489270210266113, 0.1264838264972154 
11906, 82, 10.0, 0.0, 0.17379607260227203, 0.10153286921747826 
12071, 83, 8.0, 0.0, 0.3777127265930176, 0.08328460228667359 
12193, 84, 7.0, 0.0, 0.08656109869480133, 0.07193592377820761 
12351, 85, 7.0, 0.0, 0.15204085409641266, 0.05950509410892017 
12549, 86, 10.0, 0.0, 0.16100476682186127, 0.05 
12713, 87, 8.0, 1.0, 0.5216015577316284, 0.05 
12840, 88, 8.0, 0.0, 0.1500251144170761, 0.05 
13003, 89, 9.0, 0.0, 0.5914133787155151, 0.05 
13208, 90, 16.0, 1.0, 0.2469329535961151, 0.05 
13320, 91, 10.0, 0.0, 0.1594449132680893, 0.05 
13435, 92, 8.0, 1.0, 0.23592427372932434, 0.05 
13560, 93, 8.0, 1.0, 0.011309297755360603, 0.05 
13801, 94, 11.0, 0.0, 0.2265089899301529, 0.05 
13949, 95, 8.0, 0.0, 0.1548396795988083, 0.05 
14075, 96, 9.0, 1.0, 0.16573452949523926, 0.05 
14232, 97, 10.0, 0.0, 0.3110125660896301, 0.05 
14345, 98, 11.0, 0.0, 0.4658530354499817, 0.05 
14472, 99, 10.0, 0.0, 0.22899313271045685, 0.05 
14653, 100, 15.0, 0.0, 0.09548697620630264, 0.05 
14767, 101, 9.0, 1.0, 0.23249199986457825, 0.05 
14901, 102, 16.0, 1.0, 0.21594345569610596, 0.05 
15042, 103, 14.0, 0.0, 0.4527745544910431, 0.05 
15150, 104, 9.0, 0.0, 0.17037905752658844, 0.05 
15312, 105, 20.0, 0.0, 0.2427101880311966, 0.05 
15455, 106, 13.0, 0.0, 0.16767331957817078, 0.05 
15570, 107, 13.0, 1.0, 0.17661112546920776, 0.05 
15675, 108, 9.0, 0.0, 0.2537756860256195, 0.05 
15785, 109, 9.0, 0.0, 0.15874865651130676, 0.05 
15918, 110, 14.0, 1.0, 0.15359890460968018, 0.05 
16124, 111, 17.0, 1.0, 0.24814924597740173, 0.05 
16232, 112, 10.0, 1.0, 0.46460413932800293, 0.05 
16385, 113, 14.0, 0.0, 0.24538256227970123, 0.05 
16582, 114, 12.0, 0.0, 0.10874079167842865, 0.05 
16709, 115, 14.0, 1.0, 0.10840332508087158, 0.05 
16833, 116, 12.0, 1.0, 0.3633591830730438, 0.05 
16979, 117, 14.0, 0.0, 0.37296023964881897, 0.05 
17109, 118, 14.0, 0.0, 0.1033245176076889, 0.05 
17297, 119, 16.0, 0.0, 0.08773261308670044, 0.05 
17456, 120, 16.0, 1.0, 0.20618873834609985, 0.05 
17574, 121, 10.0, 0.0, 0.20529305934906006, 0.05 
17683, 122, 13.0, 0.0, 0.3069765865802765, 0.05 
17801, 123, 13.0, 1.0, 0.08657173812389374, 0.05 
17905, 124, 10.0, 0.0, 0.21451959013938904, 0.05 
18068, 125, 17.0, 1.0, 0.1776011735200882, 0.05 
18234, 126, 23.0, 1.0, 0.2975689470767975, 0.05 
18441, 127, 27.0, 0.0, 0.2551303803920746, 0.05 
18590, 128, 16.0, 1.0, 0.23871830105781555, 0.05 
18772, 129, 24.0, 1.0, 0.30041515827178955, 0.05 
18889, 130, 14.0, 1.0, 0.07326927781105042, 0.05 
19015, 131, 11.0, 1.0, 0.17814435064792633, 0.05 
19198, 132, 21.0, 0.0, 0.246498242020607, 0.05 
19333, 133, 16.0, 1.0, 0.03693583607673645, 0.05 
19493, 134, 17.0, 1.0, 0.2551768720149994, 0.05 
19622, 135, 18.0, 0.0, 0.16915835440158844, 0.05 
19763, 136, 16.0, 1.0, 0.13778512179851532, 0.05 
19875, 137, 16.0, 1.0, 0.24023713171482086, 0.05 
20017, 138, 17.0, 1.0, 0.14171555638313293, 0.05 
20128, 139, 14.0, 0.0, 0.3579857647418976, 0.05 
20300, 140, 26.0, 1.0, 0.22375166416168213, 0.05 
20422, 141, 12.0, 1.0, 0.11899848282337189, 0.05 
20537, 142, 12.0, 1.0, 0.15561449527740479, 0.05 
20647, 143, 13.0, 0.0, 0.11423132568597794, 0.05 
20809, 144, 20.0, 1.0, 0.12243250012397766, 0.05 
20944, 145, 20.0, 0.0, 0.7027297019958496, 0.05 
21064, 146, 17.0, 1.0, 0.19224165380001068, 0.05 
21205, 147, 20.0, 0.0, 0.20720502734184265, 0.05 
21356, 148, 21.0, 1.0, 0.3262821137905121, 0.05 
21466, 149, 15.0, 1.0, 0.3421832323074341, 0.05 
21680, 150, 24.0, 1.0, 0.11606374382972717, 0.05 
21844, 151, 18.0, 1.0, 0.20107033848762512, 0.05 
21964, 152, 14.0, 1.0, 0.2719137966632843, 0.05 
22090, 153, 11.0, 1.0, 0.2680152654647827, 0.05 
22206, 154, 18.0, 0.0, 0.32713767886161804, 0.05 
22336, 155, 17.0, 0.0, 0.25272834300994873, 0.05 
22473, 156, 20.0, 0.0, 0.297182559967041, 0.05 
22637, 157, 23.0, 1.0, 0.053370196372270584, 0.05 
22760, 158, 14.0, 1.0, 0.0727882981300354, 0.05 
22922, 159, 18.0, 1.0, 0.07071185111999512, 0.05 
23066, 160, 20.0, 1.0, 0.39805442094802856, 0.05 
23203, 161, 15.0, 1.0, 0.1254786252975464, 0.05 
23346, 162, 22.0, 1.0, 0.16426628828048706, 0.05 
23462, 163, 10.0, 1.0, 0.4004383087158203, 0.05 
23642, 164, 24.0, 0.0, 0.08537707477807999, 0.05 
23807, 165, 22.0, 1.0, 0.23168177902698517, 0.05 
24002, 166, 23.0, 0.0, 0.47127556800842285, 0.05 
24194, 167, 26.0, 1.0, 0.26788461208343506, 0.05 
24408, 168, 36.0, 0.0, 0.24866297841072083, 0.05 
24617, 169, 26.0, 0.0, 0.1671983003616333, 0.05 
24809, 170, 27.0, 0.0, 0.23122277855873108, 0.05 
24974, 171, 28.0, 1.0, 0.1966569870710373, 0.05 
25097, 172, 12.0, 1.0, 0.12637054920196533, 0.05 
25248, 173, 22.0, 1.0, 0.24664735794067383, 0.05 
25404, 174, 17.0, 0.0, 0.3053363561630249, 0.05 
25523, 175, 12.0, -1.0, 0.2225215584039688, 0.05 
25606, 176, 9.0, 1.0, 0.15961959958076477, 0.05 
25740, 177, 16.0, 0.0, 0.15443958342075348, 0.05 
25902, 178, 23.0, 1.0, 0.31621959805488586, 0.05 
26066, 179, 21.0, 1.0, 0.2363273948431015, 0.05 
26202, 180, 18.0, 1.0, 0.1564929187297821, 0.05 
26324, 181, 11.0, 0.0, 0.14211562275886536, 0.05 
26530, 182, 32.0, 1.0, 0.12648865580558777, 0.05 
26788, 183, 37.0, 1.0, 0.0824396014213562, 0.05 
26898, 184, 10.0, 1.0, 0.19866077601909637, 0.05 
27037, 185, 18.0, 1.0, 0.12045755982398987, 0.05 
27200, 186, 26.0, 1.0, 0.14925754070281982, 0.05 
27373, 187, 27.0, 1.0, 0.05724429711699486, 0.05 
27565, 188, 23.0, 0.0, 0.08454185724258423, 0.05 
27703, 189, 15.0, 0.0, 0.326109379529953, 0.05 
27855, 190, 19.0, 1.0, 0.2697308361530304, 0.05 
27973, 191, 17.0, 1.0, 0.15471240878105164, 0.05 
28176, 192, 24.0, 1.0, 0.2770991921424866, 0.05 
28334, 193, 17.0, 1.0, 0.28287017345428467, 0.05 
28503, 194, 29.0, 1.0, 0.20260338485240936, 0.05 
28676, 195, 30.0, 1.0, 0.24321404099464417, 0.05 
28900, 196, 33.0, 1.0, 0.08874428272247314, 0.05 
29120, 197, 33.0, 1.0, 0.12497887760400772, 0.05 
29254, 198, 13.0, 0.0, 0.11251615732908249, 0.05 
29436, 199, 33.0, 1.0, 0.280948281288147, 0.05 
29602, 200, 23.0, 0.0, 0.13818681240081787, 0.05 
29726, 201, 18.0, 1.0, 0.18770018219947815, 0.05 
29863, 202, 19.0, 0.0, 0.16300618648529053, 0.05 
30010, 203, 24.0, 0.0, 0.24300262331962585, 0.05 
30169, 204, 23.0, 0.0, 0.22536444664001465, 0.05 
30351, 205, 32.0, 1.0, 0.2864235043525696, 0.05 
30561, 206, 34.0, 0.0, 0.2534332871437073, 0.05 
30712, 207, 25.0, 1.0, 0.2987961769104004, 0.05 
30882, 208, 29.0, 1.0, 0.14023171365261078, 0.05 
31046, 209, 28.0, 1.0, 0.051972050219774246, 0.05 
31235, 210, 36.0, 0.0, 0.0482293926179409, 0.05 
31414, 211, 29.0, 1.0, 0.257479190826416, 0.05 
31594, 212, 35.0, 1.0, 0.27620136737823486, 0.05 
31793, 213, 33.0, 1.0, 0.17383837699890137, 0.05 
31945, 214, 23.0, 1.0, 0.24406693875789642, 0.05 
32113, 215, 24.0, 0.0, 0.23132288455963135, 0.05 
32297, 216, 32.0, 1.0, 0.19901639223098755, 0.05 
32490, 217, 22.0, 0.0, 0.09975889325141907, 0.05 
32682, 218, 32.0, 1.0, 0.28018856048583984, 0.05 
32846, 219, 27.0, -1.0, 0.23206651210784912, 0.05 
33082, 220, 39.0, 0.0, 0.13714765012264252, 0.05 
33228, 221, 20.0, 1.0, 0.2751469016075134, 0.05 
33412, 222, 30.0, 0.0, 0.2590365409851074, 0.05 
33638, 223, 36.0, 1.0, 0.26488471031188965, 0.05 
33803, 224, 26.0, 1.0, 0.09246496856212616, 0.05 
33939, 225, 19.0, 1.0, 0.07134902477264404, 0.05 
34131, 226, 27.0, 1.0, 0.14340095221996307, 0.05 
34339, 227, 33.0, 1.0, 0.06424756348133087, 0.05 
34536, 228, 29.0, 1.0, 0.24852359294891357, 0.05 
34692, 229, 24.0, 0.0, 0.2509627342224121, 0.05 
34850, 230, 27.0, 1.0, 0.2892518639564514, 0.05 
35004, 231, 26.0, 0.0, 0.12859956920146942, 0.05 
35209, 232, 37.0, 1.0, 0.04019799456000328, 0.05 
35334, 233, 14.0, 1.0, 0.17381921410560608, 0.05 
35478, 234, 27.0, 0.0, 0.36350494623184204, 0.05 
35682, 235, 36.0, 1.0, 0.12024053186178207, 0.05 
35840, 236, 24.0, 0.0, 0.24452757835388184, 0.05 
35991, 237, 27.0, 0.0, 0.38594430685043335, 0.05 
36198, 238, 29.0, 1.0, 0.4310920834541321, 0.05 
36392, 239, 75.0, 0.0, 0.2468971610069275, 0.05 
36582, 240, 34.0, 1.0, 0.26358747482299805, 0.05 
36828, 241, 39.0, 1.0, 0.22699207067489624, 0.05 
36964, 242, 23.0, 0.0, 0.13532006740570068, 0.05 
37128, 243, 22.0, 1.0, 0.1416739821434021, 0.05 
37253, 244, 20.0, 1.0, 0.15596382319927216, 0.05 
37406, 245, 21.0, 0.0, 0.1816253364086151, 0.05 
37559, 246, 25.0, 1.0, 0.29805701971054077, 0.05 
37769, 247, 35.0, 1.0, 0.11550110578536987, 0.05 
38002, 248, 41.0, 1.0, 0.19284161925315857, 0.05 
38125, 249, 14.0, 1.0, 0.12282426655292511, 0.05 
38243, 250, 21.0, 1.0, 0.12808868288993835, 0.05 
38393, 251, 24.0, 0.0, 0.1708839386701584, 0.05 
38607, 252, 38.0, 1.0, 0.043042875826358795, 0.05 
38774, 253, 26.0, 1.0, 0.38386815786361694, 0.05 
38942, 254, 36.0, 1.0, 0.2947126626968384, 0.05 
39105, 255, 25.0, 1.0, 0.17434591054916382, 0.05 
39261, 256, 25.0, -0.5, 0.10466200113296509, 0.05 
39457, 257, 29.0, 1.0, 0.11916382610797882, 0.05 
39661, 258, 38.0, 1.0, 0.3025352358818054, 0.05 
39802, 259, 24.0, 0.0, 0.18413648009300232, 0.05 
39978, 260, 29.0, 1.0, 0.34471794962882996, 0.05 
40127, 261, 28.0, 0.0, 0.37356361746788025, 0.05 
40292, 262, 26.0, 1.0, 0.10871803760528564, 0.05 
40456, 263, 24.0, 1.0, 0.3142702579498291, 0.05 
40598, 264, 22.0, 0.0, 0.18126630783081055, 0.05 
40772, 265, 36.0, 0.0, 0.10434816032648087, 0.05 
40903, 266, 21.0, 1.0, 0.17538422346115112, 0.05 
41066, 267, 31.0, 1.0, 0.23375771939754486, 0.05 
41228, 268, 24.0, 1.0, 0.24907414615154266, 0.05 
41473, 269, 38.0, 1.0, 0.2972627282142639, 0.05 
41653, 270, 18.0, 1.0, 0.14316588640213013, 0.05 
41800, 271, 29.0, 1.0, 0.1626291275024414, 0.05 
41956, 272, 30.0, 0.0, 0.40367984771728516, 0.05 
42184, 273, 38.0, 0.0, 0.09534542262554169, 0.05 
42380, 274, 27.0, 1.0, 0.05949357897043228, 0.05 
42596, 275, 39.0, 1.0, 0.15954752266407013, 0.05 
42701, 276, 19.0, 1.0, 0.060474757105112076, 0.05 
42946, 277, 41.0, 1.0, 0.12819799780845642, 0.05 
43131, 278, 33.0, 0.0, 0.3709704875946045, 0.05 
43321, 279, 38.0, 1.0, 0.2156434953212738, 0.05 
43492, 280, 38.0, 1.0, 0.039238445460796356, 0.05 
43629, 281, 30.0, 1.0, 0.2406282126903534, 0.05 
43818, 282, 27.0, 0.0, 0.1529729962348938, 0.05 
43979, 283, 32.0, 0.0, 0.11307357996702194, 0.05 
44100, 284, 20.0, -1.0, 0.17303566634655, 0.05 
44299, 285, 37.0, 0.0, 0.14070981740951538, 0.05 
44444, 286, 25.0, 1.0, 0.1301121860742569, 0.05 
44653, 287, 27.0, 1.0, 0.21641582250595093, 0.05 
44835, 288, 37.0, 1.0, 0.1738569438457489, 0.05 
45032, 289, 32.0, 1.0, 0.22171282768249512, 0.05 
45191, 290, 28.0, 1.0, 0.1910427361726761, 0.05 
45356, 291, 25.0, 1.0, 0.18295255303382874, 0.05 
45542, 292, 25.0, 1.0, 0.10413125157356262, 0.05 
45692, 293, 27.0, 1.0, 0.2875639498233795, 0.05 
45909, 294, 37.0, 0.0, 0.11799512058496475, 0.05 
46090, 295, 33.0, 1.0, 0.07537458837032318, 0.05 
46299, 296, 33.0, 1.0, 0.36855384707450867, 0.05 
46510, 297, 35.0, 0.0, 0.22524815797805786, 0.05 
46704, 298, 38.0, 1.0, 0.2917824387550354, 0.05 
46867, 299, 32.0, 0.0, 0.19023895263671875, 0.05 
47048, 300, 26.0, 1.0, 0.20263519883155823, 0.05 
47271, 301, 40.0, 1.0, 0.3172541856765747, 0.05 
47432, 302, 31.0, 1.0, 0.29985442757606506, 0.05 
47618, 303, 32.0, 1.0, 0.21900765597820282, 0.05 
47843, 304, 84.0, 1.0, 0.21416118741035461, 0.05 
47992, 305, 27.0, 0.0, 0.14604803919792175, 0.05 
48159, 306, 29.0, 1.0, 0.20712921023368835, 0.05 
48348, 307, 32.0, 0.0, 0.1994723081588745, 0.05 
48525, 308, 38.0, 1.0, 0.3121277391910553, 0.05 
48679, 309, 27.0, 1.0, 0.14942777156829834, 0.05 
48843, 310, 26.0, 1.0, 0.10765445232391357, 0.05 
49034, 311, 27.0, 0.0, 0.1076691746711731, 0.05 
49191, 312, 27.0, 0.0, 0.10088139772415161, 0.05 
49382, 313, 28.0, 1.0, 0.2172301709651947, 0.05 
49615, 314, 41.0, 0.0, 0.3365899622440338, 0.05 
49760, 315, 26.0, 1.0, 0.4171748161315918, 0.05 
49966, 316, 26.0, 1.0, 0.3013744652271271, 0.05 
50161, 317, 34.0, 0.0, 0.3125206530094147, 0.05 
50290, 318, 20.0, 1.0, 0.22460602223873138, 0.05 
50474, 319, 35.0, 0.0, 0.2598198354244232, 0.05 
50620, 320, 27.0, 1.0, 0.368853360414505, 0.05 
50782, 321, 32.0, 1.0, 0.10735784471035004, 0.05 
50931, 322, 24.0, 1.0, 0.35921710729599, 0.05 
51083, 323, 23.0, 1.0, 0.14500735700130463, 0.05 
51236, 324, 27.0, 0.0, 0.43717941641807556, 0.05 
51468, 325, 34.0, -1.0, 0.15411199629306793, 0.05 
51612, 326, 24.0, 0.0, 0.24476739764213562, 0.05 
51776, 327, 26.0, 1.0, 0.05728904902935028, 0.05 
51928, 328, 18.0, 0.0, 0.30134642124176025, 0.05 
52115, 329, 33.0, 0.0, 0.20731452107429504, 0.05 
52291, 330, 26.0, 1.0, 0.14289245009422302, 0.05 
52504, 331, 37.0, 1.0, 0.374487042427063, 0.05 
52695, 332, 32.0, 1.0, 0.21714480221271515, 0.05 
52931, 333, 37.0, 1.0, 0.21295037865638733, 0.05 
53108, 334, 29.0, 1.0, 0.1853189766407013, 0.05 
53298, 335, 31.0, 1.0, 0.300941526889801, 0.05 
53518, 336, 42.0, 1.0, 0.1876201033592224, 0.05 
53739, 337, 34.0, 1.0, 0.20862920582294464, 0.05 
53952, 338, 37.0, 0.0, 0.16965335607528687, 0.05 
54146, 339, 32.0, 1.0, 0.29253655672073364, 0.05 
54386, 340, 43.0, 1.0, 0.15463203191757202, 0.05 
54618, 341, 40.0, 1.0, 0.18707117438316345, 0.05 
54839, 342, 39.0, 0.0, 0.2577057182788849, 0.05 
55070, 343, 32.0, 1.0, 0.34116190671920776, 0.05 
55249, 344, 38.0, 0.0, 0.2296779602766037, 0.05 
55446, 345, 34.0, 1.0, 0.1739407181739807, 0.05 
55591, 346, 20.0, 0.0, 0.188890740275383, 0.05 
55766, 347, 33.0, 1.0, 0.29464858770370483, 0.05 
55930, 348, 26.0, 1.0, 0.6210595965385437, 0.05 
56142, 349, 41.0, 1.0, 0.39900073409080505, 0.05 
56318, 350, 32.0, 1.0, 0.1408585011959076, 0.05 
56443, 351, 19.0, 1.0, 0.16493305563926697, 0.05 
56580, 352, 27.0, 1.0, 0.1896873116493225, 0.05 
56811, 353, 34.0, 1.0, 0.42418766021728516, 0.05 
57026, 354, 38.0, 1.0, 0.14783743023872375, 0.05 
57260, 355, 37.0, 0.0, 0.26238203048706055, 0.05 
57441, 356, 35.0, 1.0, 0.1752682477235794, 0.05 
57655, 357, 39.0, 0.0, 0.36329489946365356, 0.05 
57865, 358, 37.0, 1.0, 0.29306626319885254, 0.05 
57985, 359, 19.0, 0.0, 0.3811962604522705, 0.05 
58181, 360, 32.0, 1.0, 0.1306098848581314, 0.05 
58302, 361, 14.0, -1.0, 0.08052726835012436, 0.05 
58456, 362, 24.0, -1.0, 0.22455571591854095, 0.05 
58560, 363, 20.0, 1.0, 0.08399856090545654, 0.05 
58758, 364, 32.0, 0.0, 0.2145240157842636, 0.05 
58897, 365, 23.0, 1.0, 0.24511247873306274, 0.05 
59078, 366, 36.0, 0.0, 0.4853487014770508, 0.05 
59268, 367, 36.0, 1.0, 0.18763300776481628, 0.05 
59475, 368, 39.0, 1.0, 0.20043785870075226, 0.05 
59657, 369, 33.0, 1.0, 0.3279131054878235, 0.05 
59870, 370, 41.0, 1.0, 0.20049555599689484, 0.05 
60071, 371, 40.0, 1.0, 0.20032037794589996, 0.05 
60260, 372, 30.0, 1.0, 0.31208086013793945, 0.05 
60418, 373, 24.0, 1.0, 0.2482515275478363, 0.05 
60633, 374, 36.0, 1.0, 0.216309055685997, 0.05 
60843, 375, 39.0, 1.0, 0.20458929240703583, 0.05 
61051, 376, 40.0, 1.0, 0.18522225320339203, 0.05 
61250, 377, 37.0, 1.0, 0.1897365152835846, 0.05 
61449, 378, 33.0, 1.0, 0.3236754536628723, 0.05 
61576, 379, 24.0, 1.0, 0.17030000686645508, 0.05 
61744, 380, 26.0, 1.0, 0.3181896507740021, 0.05 
61970, 381, 33.0, 0.0, 0.33088114857673645, 0.05 
62134, 382, 28.0, 1.0, 0.37444543838500977, 0.05 
62294, 383, 26.0, 1.0, 0.3650139272212982, 0.05 
62486, 384, 30.0, 0.0, 0.25834736227989197, 0.05 
62666, 385, 34.0, 1.0, 0.10674136877059937, 0.05 
62824, 386, 29.0, 0.0, 0.316872239112854, 0.05 
63008, 387, 35.0, 1.0, 0.09811282157897949, 0.05 
63242, 388, 40.0, 1.0, 0.4532968997955322, 0.05 
63421, 389, 31.0, 1.0, 0.1043853908777237, 0.05 
63659, 390, 39.0, 1.0, 0.3150619864463806, 0.05 
63824, 391, 29.0, 1.0, 0.32530879974365234, 0.05 
63981, 392, 26.0, 1.0, 0.18439790606498718, 0.05 
64176, 393, 35.0, 1.0, 0.13802200555801392, 0.05 
64333, 394, 28.0, 1.0, 0.31985267996788025, 0.05 
64518, 395, 30.0, 0.0, 0.06057417765259743, 0.05 
64735, 396, 40.0, 1.0, 0.28817611932754517, 0.05 
64920, 397, 32.0, 0.0, 0.26941779255867004, 0.05 
65150, 398, 42.0, 1.0, 0.21734049916267395, 0.05 
65345, 399, 28.0, 1.0, 0.15547753870487213, 0.05 
65508, 400, 25.0, 1.0, 0.18601451814174652, 0.05 
65670, 401, 27.0, -1.0, 0.23437978327274323, 0.05 
65875, 402, 35.0, 1.0, 0.12535980343818665, 0.05 
66087, 403, 36.0, 1.0, 0.26449882984161377, 0.05 
66279, 404, 35.0, 1.0, 0.3187764585018158, 0.05 
66460, 405, 32.0, 1.0, 0.24047665297985077, 0.05 
66691, 406, 37.0, 1.0, 0.19768528640270233, 0.05 
66849, 407, 23.0, 1.0, 0.23272398114204407, 0.05 
67017, 408, 30.0, 0.0, 0.43172550201416016, 0.05 
67238, 409, 43.0, 1.0, 0.1712304651737213, 0.05 
67357, 410, 19.0, 1.0, 0.5622153282165527, 0.05 
67591, 411, 88.0, 1.0, 0.42680537700653076, 0.05 
67822, 412, 41.0, 1.0, 0.09544288367033005, 0.05 
67980, 413, 22.0, 0.0, 0.327682226896286, 0.05 
68157, 414, 32.0, 1.0, 0.24894006550312042, 0.05 
68319, 415, 26.0, 1.0, 0.3679232597351074, 0.05 
68517, 416, 32.0, 1.0, 0.29234522581100464, 0.05 
68725, 417, 39.0, 1.0, 0.05978722870349884, 0.05 
68879, 418, 24.0, 0.0, 0.30073508620262146, 0.05 
69041, 419, 24.0, 1.0, 0.4644879698753357, 0.05 
69234, 420, 38.0, 0.0, 0.3124536871910095, 0.05 
69443, 421, 39.0, 1.0, 0.12412694096565247, 0.05 
69657, 422, 35.0, 1.0, 0.23717893660068512, 0.05 
69841, 423, 25.0, 1.0, 0.3592877984046936, 0.05 
70044, 424, 36.0, -1.0, 0.12090852856636047, 0.05 
70258, 425, 37.0, 0.0, 0.14112280309200287, 0.05 
70444, 426, 33.0, 0.0, 0.1981348991394043, 0.05 
70568, 427, 15.0, 1.0, 0.18120495975017548, 0.05 
70791, 428, 39.0, 1.0, 0.4685969948768616, 0.05 
70950, 429, 27.0, -0.5, 0.31408289074897766, 0.05 
71099, 430, 28.0, 1.0, 0.14665424823760986, 0.05 
71302, 431, 35.0, 1.0, 0.31947779655456543, 0.05 
71494, 432, 32.0, 0.0, 0.22607843577861786, 0.05 
71619, 433, 19.0, 0.0, 0.2351461946964264, 0.05 
71789, 434, 27.0, 1.0, 0.25026530027389526, 0.05 
71970, 435, 34.0, 1.0, 0.17668269574642181, 0.05 
72124, 436, 27.0, -1.0, 0.2856680154800415, 0.05 
72358, 437, 33.0, -1.0, 0.1405850350856781, 0.05 
72541, 438, 29.0, 1.0, 0.3050153851509094, 0.05 
72724, 439, 31.0, 0.0, 0.27203088998794556, 0.05 
72934, 440, 39.0, 1.0, 0.1819685995578766, 0.05 
73142, 441, 39.0, 1.0, 0.1493307501077652, 0.05 
73302, 442, 21.0, 0.0, 0.15857109427452087, 0.05 
73498, 443, 33.0, 1.0, 0.19670821726322174, 0.05 
73720, 444, 43.0, 1.0, 0.27478817105293274, 0.05 
73932, 445, 29.0, 1.0, 0.3542252779006958, 0.05 
74194, 446, 39.0, 1.0, 0.3161558508872986, 0.05 
74385, 447, 30.0, 0.0, 0.3058103322982788, 0.05 
74537, 448, 23.0, -1.0, 0.11512603610754013, 0.05 
74753, 449, 31.0, 1.0, 0.3078969717025757, 0.05 
75022, 450, 91.0, 1.0, 0.3963720202445984, 0.05 
75232, 451, 38.0, -1.0, 0.1446453332901001, 0.05 
75427, 452, 29.0, 1.0, 0.3004368841648102, 0.05 
75635, 453, 38.0, 1.0, 0.35061216354370117, 0.05 
75832, 454, 31.0, 1.0, 0.1772477924823761, 0.05 
75986, 455, 26.0, 0.0, 0.2379908263683319, 0.05 
76200, 456, 39.0, 1.0, 0.28777334094047546, 0.05 
76387, 457, 29.0, 1.0, 0.21384693682193756, 0.05 
76580, 458, 32.0, 0.0, 0.22103223204612732, 0.05 
76767, 459, 37.0, 0.0, 0.1825169175863266, 0.05 
76935, 460, 30.0, 1.0, 0.22852997481822968, 0.05 
77095, 461, 31.0, 1.0, 0.07386788725852966, 0.05 
77288, 462, 33.0, 1.0, 0.2304120808839798, 0.05 
77509, 463, 34.0, 1.0, 0.12979617714881897, 0.05 
77721, 464, 38.0, 0.0, 0.5193269848823547, 0.05 
77918, 465, 28.0, 0.0, 0.21909543871879578, 0.05 
78103, 466, 33.0, 1.0, 0.17374254763126373, 0.05 
78261, 467, 26.0, 1.0, 0.3836946487426758, 0.05 
78473, 468, 42.0, 1.0, 0.24368159472942352, 0.05 
78637, 469, 32.0, 1.0, 0.40358489751815796, 0.05 
78803, 470, 28.0, 1.0, 0.3555218577384949, 0.05 
78987, 471, 31.0, 0.0, 0.24288704991340637, 0.05 
79187, 472, 31.0, 1.0, 0.14969651401042938, 0.05 
79336, 473, 26.0, 1.0, 0.24928902089595795, 0.05 
79532, 474, 41.0, 1.0, 0.17263264954090118, 0.05 
79747, 475, 37.0, 0.0, 0.28797101974487305, 0.05 
79918, 476, 32.0, 1.0, 0.32822054624557495, 0.05 
80112, 477, 29.0, 1.0, 0.33958423137664795, 0.05 
80238, 478, 19.0, 1.0, 0.35978633165359497, 0.05 
80455, 479, 39.0, 0.0, 0.3125712275505066, 0.05 
80674, 480, 35.0, 1.0, 0.3356306552886963, 0.05 
80860, 481, 32.0, 1.0, 0.36542415618896484, 0.05 
81056, 482, 26.0, 1.0, 0.2972463369369507, 0.05 
81217, 483, 24.0, 1.0, 0.27794724702835083, 0.05 
81452, 484, 35.0, 1.0, 0.29934874176979065, 0.05 
81668, 485, 39.0, 1.0, 0.2823241651058197, 0.05 
81915, 486, 37.0, 1.0, 0.07246436178684235, 0.05 
82142, 487, 37.0, 1.0, 0.4728224277496338, 0.05 
82326, 488, 28.0, 0.0, 0.38421255350112915, 0.05 
82498, 489, 32.0, 1.0, 0.22506102919578552, 0.05 
82684, 490, 32.0, 0.0, 0.2308640033006668, 0.05 
82878, 491, 29.0, 1.0, 0.16816043853759766, 0.05 
83087, 492, 38.0, 1.0, 0.44504550099372864, 0.05 
83279, 493, 34.0, -1.0, 0.2122035026550293, 0.05 
83452, 494, 33.0, 1.0, 0.4719560444355011, 0.05 
83695, 495, 39.0, 1.0, 0.17974859476089478, 0.05 
83904, 496, 36.0, 0.0, 0.1660962551832199, 0.05 
84087, 497, 35.0, 1.0, 0.33125054836273193, 0.05 
84272, 498, 26.0, 0.0, 0.25777384638786316, 0.05 
84450, 499, 31.0, 1.0, 0.3218701183795929, 0.05 
84661, 500, 40.0, 1.0, 0.4261932671070099, 0.05 
84841, 501, 24.0, 1.0, 0.28545254468917847, 0.05 
85031, 502, 35.0, 1.0, 0.33491116762161255, 0.05 
85175, 503, 31.0, 1.0, 0.28977856040000916, 0.05 
85396, 504, 35.0, 1.0, 0.2331506907939911, 0.05 
85519, 505, 21.0, 1.0, 0.30503541231155396, 0.05 
85727, 506, 40.0, 1.0, 0.08671091496944427, 0.05 
85875, 507, 25.0, 1.0, 0.27637726068496704, 0.05 
86097, 508, 35.0, 1.0, 0.19337603449821472, 0.05 
86322, 509, 39.0, 1.0, 0.18580037355422974, 0.05 
86483, 510, 24.0, 1.0, 0.1828579604625702, 0.05 
86661, 511, 25.0, 1.0, 0.5794267058372498, 0.05 
86854, 512, 34.0, 0.0, 0.28103724122047424, 0.05 
87036, 513, 35.0, 1.0, 0.2326836884021759, 0.05 
87257, 514, 38.0, 0.0, 0.4188327193260193, 0.05 
87415, 515, 27.0, 1.0, 0.12251269817352295, 0.05 
87622, 516, 34.0, 1.0, 0.17850542068481445, 0.05 
87762, 517, 27.0, 1.0, 0.1755148470401764, 0.05 
87920, 518, 30.0, 1.0, 0.15256068110466003, 0.05 
88113, 519, 40.0, 0.0, 0.2344750314950943, 0.05 
88378, 520, 42.0, 1.0, 0.47119826078414917, 0.05 
88596, 521, 41.0, 1.0, 0.20112942159175873, 0.05 
88766, 522, 24.0, 0.0, 0.26615479588508606, 0.05 
88921, 523, 15.0, 0.0, 0.22098228335380554, 0.05 
89148, 524, 29.0, 1.0, 0.2667490243911743, 0.05 
89409, 525, 43.0, 1.0, 0.2672596573829651, 0.05 
89584, 526, 40.0, 1.0, 0.06959345191717148, 0.05 
89770, 527, 35.0, 0.0, 0.2660273313522339, 0.05 
89925, 528, 25.0, -0.5, 0.2005159556865692, 0.05 
90122, 529, 31.0, 1.0, 0.49206677079200745, 0.05 
90309, 530, 32.0, 1.0, 0.236626535654068, 0.05 
90466, 531, 25.0, 1.0, 0.4725760519504547, 0.05 
90657, 532, 28.0, 0.0, 0.31972935795783997, 0.05 
90865, 533, 39.0, 1.0, 0.2535831928253174, 0.05 
91034, 534, 28.0, 0.0, 0.41030895709991455, 0.05 
91289, 535, 40.0, 1.0, 0.4502253234386444, 0.05 
91474, 536, 36.0, 1.0, 0.10245867073535919, 0.05 
91726, 537, 43.0, 1.0, 0.12357147783041, 0.05 
91897, 538, 33.0, 1.0, 0.2289918065071106, 0.05 
92096, 539, 30.0, 1.0, 0.33416664600372314, 0.05 
92362, 540, 37.0, 1.0, 0.149334117770195, 0.05 
92581, 541, 32.0, 0.0, 0.2718208432197571, 0.05 
92735, 542, 33.0, 0.0, 0.390401154756546, 0.05 
92899, 543, 27.0, 0.0, 0.3736681342124939, 0.05 
93065, 544, 30.0, 0.0, 0.2803454101085663, 0.05 
93263, 545, 39.0, 1.0, 0.147577702999115, 0.05 
93482, 546, 41.0, 1.0, 0.3862477242946625, 0.05 
93669, 547, 36.0, 1.0, 0.11378271132707596, 0.05 
93792, 548, 22.0, 0.0, 0.24020808935165405, 0.05 
94024, 549, 41.0, 1.0, 0.2614721953868866, 0.05 
94216, 550, 34.0, 1.0, 0.10908232629299164, 0.05 
94431, 551, 41.0, 0.0, 0.22922350466251373, 0.05 
94598, 552, 26.0, 1.0, 0.4373178482055664, 0.05 
94812, 553, 41.0, 1.0, 0.1509350836277008, 0.05 
95041, 554, 39.0, 1.0, 0.28040802478790283, 0.05 
95233, 555, 38.0, 0.0, 0.3166322410106659, 0.05 
95449, 556, 41.0, 0.0, 0.41193997859954834, 0.05 
95652, 557, 39.0, 1.0, 0.21520274877548218, 0.05 
95861, 558, 38.0, 0.0, 0.37776535749435425, 0.05 
96124, 559, 44.0, 0.0, 0.18476571142673492, 0.05 
96320, 560, 29.0, 0.0, 0.24578672647476196, 0.05 
96581, 561, 39.0, 0.0, 0.19470533728599548, 0.05 
96794, 562, 39.0, 0.0, 0.20914891362190247, 0.05 
97033, 563, 37.0, -1.0, 0.14976686239242554, 0.05 
97217, 564, 36.0, 1.0, 0.16770991683006287, 0.05 
97435, 565, 36.0, 1.0, 0.12156395614147186, 0.05 
97608, 566, 32.0, 1.0, 0.1635146588087082, 0.05 
97805, 567, 36.0, 1.0, 0.4123731553554535, 0.05 
98032, 568, 40.0, 1.0, 0.2503064274787903, 0.05 
98253, 569, 36.0, 1.0, 0.16232231259346008, 0.05 
98502, 570, 43.0, 1.0, 0.28821855783462524, 0.05 
98718, 571, 41.0, 0.0, 0.2455008327960968, 0.05 
98917, 572, 41.0, 1.0, 0.269989013671875, 0.05 
99133, 573, 39.0, 1.0, 0.18649160861968994, 0.05 
99339, 574, 40.0, 1.0, 0.14921696484088898, 0.05 
99528, 575, 35.0, 0.0, 0.3090393543243408, 0.05 
99747, 576, 38.0, 1.0, 0.06192012131214142, 0.05 
99944, 577, 27.0, 0.0, 0.21003997325897217, 0.05 
100110, 578, 26.0, 1.0, 0.11611887812614441, 0.05 
100316, 579, 39.0, 1.0, 0.2856929302215576, 0.05 
100511, 580, 36.0, 0.0, 0.5644527673721313, 0.05 
100782, 581, 36.0, 0.0, 0.33823534846305847, 0.05 
100961, 582, 35.0, 1.0, 0.22474472224712372, 0.05 
101175, 583, 42.0, 1.0, 0.15350687503814697, 0.05 
101395, 584, 41.0, 0.0, 0.26414692401885986, 0.05 
101602, 585, 39.0, 1.0, 0.44331979751586914, 0.05 
101801, 586, 34.0, 1.0, 0.32531681656837463, 0.05 
102003, 587, 35.0, 1.0, 0.21985478699207306, 0.05 
102188, 588, 29.0, 1.0, 0.08754025399684906, 0.05 
102409, 589, 43.0, 1.0, 0.32908040285110474, 0.05 
102569, 590, 24.0, 0.0, 0.2816823422908783, 0.05 
102785, 591, 44.0, 1.0, 0.34973204135894775, 0.05 
102952, 592, 31.0, 1.0, 0.4408831000328064, 0.05 
103182, 593, 42.0, 0.0, 0.29071974754333496, 0.05 
103402, 594, 39.0, 0.0, 0.24971571564674377, 0.05 
103564, 595, 26.0, 1.0, 0.30981436371803284, 0.05 
103740, 596, 32.0, 1.0, 0.2509569227695465, 0.05 
103959, 597, 38.0, 1.0, 0.22661681473255157, 0.05 
104178, 598, 40.0, 1.0, 0.16346830129623413, 0.05 
104363, 599, 39.0, 1.0, 0.2070753127336502, 0.05 
104572, 600, 39.0, 1.0, 0.261025995016098, 0.05 
104749, 601, 33.0, 1.0, 0.3717259466648102, 0.05 
104944, 602, 32.0, -1.0, 0.14665204286575317, 0.05 
105208, 603, 38.0, 0.0, 0.12230261415243149, 0.05 
105347, 604, 29.0, 0.0, 0.3588041663169861, 0.05 
105550, 605, 38.0, 1.0, 0.2214859575033188, 0.05 
105740, 606, 29.0, 0.0, 0.17319026589393616, 0.05 
105892, 607, 35.0, 1.0, 0.5046881437301636, 0.05 
106115, 608, 32.0, 0.0, 0.376345694065094, 0.05 
106296, 609, 36.0, 0.0, 0.20511215925216675, 0.05 
106561, 610, 44.0, 1.0, 0.30556756258010864, 0.05 
106745, 611, 37.0, 0.0, 0.584419310092926, 0.05 
106946, 612, 40.0, 1.0, 0.32017266750335693, 0.05 
107182, 613, 35.0, 1.0, 0.3485356271266937, 0.05 
107363, 614, 38.0, 1.0, 0.22693295776844025, 0.05 
107584, 615, 43.0, 0.0, 0.2291850745677948, 0.05 
107776, 616, 36.0, 0.0, 0.16364890336990356, 0.05 
107966, 617, 29.0, 0.0, 0.36387312412261963, 0.05 
108150, 618, 39.0, 1.0, 0.12898363173007965, 0.05 
108336, 619, 33.0, 0.0, 0.26820188760757446, 0.05 
108545, 620, 37.0, 0.0, 0.13035139441490173, 0.05 
108723, 621, 31.0, 0.0, 0.3148338794708252, 0.05 
108930, 622, 39.0, 1.0, 0.1673092544078827, 0.05 
109108, 623, 38.0, 1.0, 0.09698862582445145, 0.05 
109281, 624, 36.0, 0.0, 0.24655045568943024, 0.05 
109521, 625, 40.0, -1.0, 0.1463121473789215, 0.05 
109670, 626, 23.0, 1.0, 0.1708427518606186, 0.05 
109858, 627, 37.0, 1.0, 0.21106527745723724, 0.05 
110064, 628, 35.0, 1.0, 0.15012386441230774, 0.05 
110249, 629, 36.0, 1.0, 0.14993758499622345, 0.05 
110433, 630, 38.0, 1.0, 0.30751603841781616, 0.05 
110610, 631, 33.0, 1.0, 0.13835328817367554, 0.05 
110832, 632, 40.0, -1.0, 0.18387192487716675, 0.05 
110992, 633, 32.0, 0.0, 0.3143039345741272, 0.05 
111231, 634, 41.0, -1.0, 0.18724197149276733, 0.05 
111454, 635, 41.0, 1.0, 0.26295024156570435, 0.05 
111677, 636, 39.0, 1.0, 0.43094271421432495, 0.05 
111901, 637, 38.0, 1.0, 0.11859975010156631, 0.05 
112116, 638, 36.0, 1.0, 0.1551569402217865, 0.05 
112335, 639, 39.0, 0.0, 0.24306347966194153, 0.05 
112555, 640, 43.0, 1.0, 0.14132042229175568, 0.05 
112739, 641, 31.0, 0.0, 0.18511806428432465, 0.05 
112958, 642, 38.0, 1.0, 0.13425672054290771, 0.05 
113090, 643, 22.0, 1.0, 0.23003165423870087, 0.05 
113319, 644, 34.0, 1.0, 0.17090077698230743, 0.05 
113550, 645, 40.0, 1.0, 0.035097748041152954, 0.05 
113721, 646, 33.0, 1.0, 0.3104696571826935, 0.05 
113914, 647, 39.0, 1.0, 0.23308269679546356, 0.05 
114135, 648, 41.0, 0.0, 0.35326462984085083, 0.05 
114390, 649, 41.0, 1.0, 0.43643397092819214, 0.05 
114579, 650, 26.0, 1.0, 0.17617715895175934, 0.05 
114773, 651, 38.0, 1.0, 0.09255016595125198, 0.05 
114969, 652, 35.0, 1.0, 0.10745522379875183, 0.05 
115225, 653, 39.0, 1.0, 0.3331994116306305, 0.05 
115410, 654, 31.0, 0.0, 0.2598748505115509, 0.05 
115626, 655, 38.0, 1.0, 0.0448736771941185, 0.05 
115824, 656, 31.0, 1.0, 0.20875674486160278, 0.05 
116049, 657, 36.0, 0.0, 0.20419558882713318, 0.05 
116268, 658, 34.0, 0.0, 0.1714877486228943, 0.05 
116434, 659, 33.0, 1.0, 0.15578418970108032, 0.05 
116669, 660, 41.0, 1.0, 0.042275216430425644, 0.05 
116933, 661, 43.0, 0.0, 0.06934648752212524, 0.05 
117114, 662, 33.0, 1.0, 0.29029327630996704, 0.05 
117321, 663, 38.0, 1.0, 0.09988933801651001, 0.05 
117510, 664, 33.0, 1.0, 0.26926344633102417, 0.05 
117709, 665, 38.0, 1.0, 0.19558975100517273, 0.05 
117957, 666, 43.0, 0.0, 0.24020084738731384, 0.05 
118144, 667, 37.0, 1.0, 0.4787840247154236, 0.05 
118327, 668, 34.0, 1.0, 0.4264107942581177, 0.05 
118556, 669, 41.0, 1.0, 0.18655171990394592, 0.05 
118781, 670, 47.0, 1.0, 0.17607426643371582, 0.05 
118975, 671, 37.0, 1.0, 0.1536422073841095, 0.05 
119207, 672, 38.0, 0.0, 0.2451714724302292, 0.05 
119416, 673, 37.0, 1.0, 0.15897715091705322, 0.05 
119598, 674, 34.0, 1.0, 0.16858288645744324, 0.05 
119820, 675, 42.0, 1.0, 0.09690612554550171, 0.05 
120080, 676, 40.0, 1.0, 0.16848737001419067, 0.05 
120246, 677, 29.0, 0.0, 0.2698403000831604, 0.05 
120429, 678, 37.0, 0.0, 0.08962664008140564, 0.05 
120613, 679, 39.0, 0.0, 0.07503876835107803, 0.05 
120791, 680, 37.0, 1.0, 0.15000253915786743, 0.05 
121008, 681, 41.0, 0.0, 0.13853834569454193, 0.05 
121211, 682, 40.0, 1.0, 0.34970760345458984, 0.05 
121445, 683, 42.0, 1.0, 0.19211217761039734, 0.05 
121627, 684, 35.0, 0.0, 0.22477272152900696, 0.05 
121789, 685, 25.0, 1.0, 0.152518630027771, 0.05 
121969, 686, 32.0, 1.0, 0.16742277145385742, 0.05 
122166, 687, 32.0, 0.0, 0.3070226013660431, 0.05 
122410, 688, 41.0, 1.0, 0.19925548136234283, 0.05 
122591, 689, 39.0, 0.0, 0.340415358543396, 0.05 
122771, 690, 34.0, 1.0, 0.15251228213310242, 0.05 
122993, 691, 41.0, 1.0, 0.21231701970100403, 0.05 
123217, 692, 42.0, 1.0, 0.32564061880111694, 0.05 
123493, 693, 43.0, 1.0, 0.27640190720558167, 0.05 
123692, 694, 40.0, 0.0, 0.17038044333457947, 0.05 
123861, 695, 32.0, 0.0, 0.2514052987098694, 0.05 
124023, 696, 31.0, 1.0, 0.15614943206310272, 0.05 
124171, 697, 27.0, 0.0, 0.08749676495790482, 0.05 
124411, 698, 37.0, 0.0, 0.07419609278440475, 0.05 
124612, 699, 34.0, 0.0, 0.08183233439922333, 0.05 
124788, 700, 33.0, 0.0, 0.10070191323757172, 0.05 
125006, 701, 42.0, 1.0, 0.09124334156513214, 0.05 
125241, 702, 44.0, 1.0, 0.20181380212306976, 0.05 
125466, 703, 41.0, 1.0, 0.20456236600875854, 0.05 
125658, 704, 39.0, 1.0, 0.2260018289089203, 0.05 
125897, 705, 43.0, 0.0, 0.17545153200626373, 0.05 
126135, 706, 39.0, 1.0, 0.2776871621608734, 0.05 
126279, 707, 25.0, 0.0, 0.44471192359924316, 0.05 
126455, 708, 38.0, 1.0, 0.21312889456748962, 0.05 
126637, 709, 31.0, 1.0, 0.1535942554473877, 0.05 
127013, 710, 95.0, 0.0, 0.3262619376182556, 0.05 
127192, 711, 36.0, 1.0, 0.3308430314064026, 0.05 
127373, 712, 39.0, 1.0, 0.18796566128730774, 0.05 
127566, 713, 37.0, 1.0, 0.07616733014583588, 0.05 
127781, 714, 37.0, 1.0, 0.20659710466861725, 0.05 
128024, 715, 41.0, 0.0, 0.3230435252189636, 0.05 
128142, 716, 17.0, 1.0, 0.27521955966949463, 0.05 
128353, 717, 41.0, 1.0, 0.14179283380508423, 0.05 
128535, 718, 35.0, 1.0, 0.23770397901535034, 0.05 
128701, 719, 32.0, 1.0, 0.11376865208148956, 0.05 
128922, 720, 41.0, 0.0, 0.19659173488616943, 0.05 
129141, 721, 40.0, 1.0, 0.20168375968933105, 0.05 
129364, 722, 37.0, 1.0, 0.24411389231681824, 0.05 
129585, 723, 44.0, 1.0, 0.2757980227470398, 0.05 
129835, 724, 40.0, 1.0, 0.1688968539237976, 0.05 
130068, 725, 39.0, 1.0, 0.1610768437385559, 0.05 
130321, 726, 38.0, 1.0, 0.15969818830490112, 0.05 
130585, 727, 47.0, 1.0, 0.35410046577453613, 0.05 
130774, 728, 38.0, 0.0, 0.24247196316719055, 0.05 
131014, 729, 45.0, 0.0, 0.05967951938509941, 0.05 
131199, 730, 36.0, 1.0, 0.21361616253852844, 0.05 
131442, 731, 40.0, 0.0, 0.2614618241786957, 0.05 
131652, 732, 36.0, 0.0, 0.20270058512687683, 0.05 
131918, 733, 43.0, 1.0, 0.4309579133987427, 0.05 
132177, 734, 42.0, 1.0, 0.22558999061584473, 0.05 
132376, 735, 31.0, 1.0, 0.06469681113958359, 0.05 
132612, 736, 37.0, 0.0, 0.2660204768180847, 0.05 
132734, 737, 20.0, 1.0, 0.295112669467926, 0.05 
132953, 738, 42.0, 0.0, 0.1178002804517746, 0.05 
133139, 739, 29.0, 1.0, 0.06238692253828049, 0.05 
133403, 740, 43.0, 1.0, 0.4133627712726593, 0.05 
133666, 741, 41.0, 1.0, 0.17274898290634155, 0.05 
133900, 742, 40.0, 1.0, 0.10132491588592529, 0.05 
134121, 743, 44.0, 1.0, 0.2730823755264282, 0.05 
134331, 744, 41.0, 0.0, 0.1127786934375763, 0.05 
134533, 745, 35.0, 0.0, 0.3247446119785309, 0.05 
134750, 746, 41.0, 0.0, 0.14326514303684235, 0.05 
135000, 747, 43.0, -1.0, 0.2756924033164978, 0.05 
135206, 748, 29.0, 1.0, 0.08905395120382309, 0.05 
135373, 749, 39.0, 1.0, 0.22886653244495392, 0.05 
135558, 750, 33.0, 1.0, 0.2997344732284546, 0.05 
135711, 751, 30.0, 1.0, 0.10196871310472488, 0.05 
135980, 752, 45.0, 1.0, 0.362257182598114, 0.05 
136183, 753, 41.0, 1.0, 0.24712806940078735, 0.05 
136404, 754, 44.0, 1.0, 0.30787062644958496, 0.05 
136615, 755, 39.0, 0.0, 0.41729414463043213, 0.05 
136773, 756, 28.0, 1.0, 0.2057320475578308, 0.05 
136958, 757, 28.0, 1.0, 0.387938529253006, 0.05 
137229, 758, 44.0, 1.0, 0.4460183084011078, 0.05 
137453, 759, 40.0, 1.0, 0.2585946321487427, 0.05 
137637, 760, 34.0, 1.0, 0.2975195050239563, 0.05 
137822, 761, 35.0, 1.0, 0.08961033076047897, 0.05 
138033, 762, 42.0, 0.0, 0.15280768275260925, 0.05 
138291, 763, 44.0, 1.0, 0.15280207991600037, 0.05 
138540, 764, 42.0, 0.0, 0.09276142716407776, 0.05 
138736, 765, 34.0, 0.0, 0.2757530212402344, 0.05 
138938, 766, 35.0, 1.0, 0.3226277828216553, 0.05 
139137, 767, 40.0, 1.0, 0.13667701184749603, 0.05 
139372, 768, 38.0, 1.0, 0.11581408232450485, 0.05 
139541, 769, 32.0, 1.0, 0.25753912329673767, 0.05 
139769, 770, 40.0, 1.0, 0.20821596682071686, 0.05 
140044, 771, 36.0, 1.0, 0.18841898441314697, 0.05 
140201, 772, 30.0, 1.0, 0.12759870290756226, 0.05 
140435, 773, 37.0, 1.0, 0.19349905848503113, 0.05 
140628, 774, 37.0, 1.0, 0.27301689982414246, 0.05 
140852, 775, 43.0, 1.0, 0.2848336100578308, 0.05 
141006, 776, 36.0, 1.0, 0.17434638738632202, 0.05 
141219, 777, 43.0, 1.0, 0.19736291468143463, 0.05 
141465, 778, 44.0, 1.0, 0.15599021315574646, 0.05 
141631, 779, 30.0, 1.0, 0.14174893498420715, 0.05 
141843, 780, 38.0, -1.0, 0.1263924092054367, 0.05 
142081, 781, 38.0, 1.0, 0.23487229645252228, 0.05 
142259, 782, 40.0, 0.0, 0.15956053137779236, 0.05 
142482, 783, 38.0, 0.0, 0.29134321212768555, 0.05 
142696, 784, 41.0, 1.0, 0.11701468378305435, 0.05 
142899, 785, 36.0, 1.0, 0.18765108287334442, 0.05 
143172, 786, 40.0, -0.5, 0.15974803268909454, 0.05 
143440, 787, 45.0, 0.0, 0.3478274345397949, 0.05 
143601, 788, 23.0, 1.0, 0.298504114151001, 0.05 
143829, 789, 37.0, 1.0, 0.2611895799636841, 0.05 
144086, 790, 43.0, 1.0, 0.17468863725662231, 0.05 
144267, 791, 39.0, 1.0, 0.28016290068626404, 0.05 
144489, 792, 43.0, 1.0, 0.17613473534584045, 0.05 
144761, 793, 45.0, 1.0, 0.30877166986465454, 0.05 
144969, 794, 33.0, 1.0, 0.3324263095855713, 0.05 
145212, 795, 36.0, 0.0, 0.4351309537887573, 0.05 
145411, 796, 31.0, 0.0, 0.1594749093055725, 0.05 
145638, 797, 37.0, 0.0, 0.17760437726974487, 0.05 
145857, 798, 40.0, 0.0, 0.22200194001197815, 0.05 
146075, 799, 39.0, 0.0, 0.336357057094574, 0.05 
146274, 800, 84.0, 1.0, 0.09769360721111298, 0.05 
146489, 801, 39.0, 1.0, 0.2598070800304413, 0.05 
146721, 802, 42.0, 1.0, 0.06311269104480743, 0.05 
146943, 803, 42.0, 1.0, 0.20675073564052582, 0.05 
147197, 804, 37.0, 1.0, 0.17685183882713318, 0.05 
147410, 805, 42.0, 0.0, 0.07959306985139847, 0.05 
147539, 806, 24.0, 1.0, 0.1701473593711853, 0.05 
147730, 807, 34.0, 1.0, 0.19321128726005554, 0.05 
147953, 808, 42.0, 1.0, 0.16706228256225586, 0.05 
148205, 809, 45.0, 0.0, 0.32532334327697754, 0.05 
148464, 810, 45.0, 1.0, 0.2521136701107025, 0.05 
148727, 811, 39.0, 1.0, 0.3589039146900177, 0.05 
148914, 812, 35.0, 1.0, 0.2223280370235443, 0.05 
149135, 813, 42.0, 0.0, 0.19509558379650116, 0.05 
149327, 814, 32.0, 0.0, 0.22240754961967468, 0.05 
149515, 815, 39.0, 1.0, 0.199937105178833, 0.05 
149672, 816, 34.0, 0.0, 0.24208270013332367, 0.05 
149899, 817, 35.0, 1.0, 0.18306347727775574, 0.05 
150136, 818, 37.0, 1.0, 0.22587734460830688, 0.05 
150336, 819, 39.0, 1.0, 0.3064355254173279, 0.05 
150598, 820, 45.0, 1.0, 0.11652754247188568, 0.05 
150806, 821, 37.0, 0.0, 0.17682746052742004, 0.05 
151069, 822, 45.0, 1.0, 0.14992570877075195, 0.05 
151286, 823, 36.0, -1.0, 0.13033875823020935, 0.05 
151539, 824, 39.0, 1.0, 0.25552552938461304, 0.05 
151732, 825, 35.0, 1.0, 0.2518061101436615, 0.05 
151989, 826, 44.0, 1.0, 0.2169511765241623, 0.05 
152303, 827, 41.0, 0.0, 0.12312151491641998, 0.05 
152564, 828, 47.0, 0.0, 0.16955241560935974, 0.05 
152752, 829, 31.0, 1.0, 0.17528754472732544, 0.05 
152979, 830, 41.0, 1.0, 0.17410477995872498, 0.05 
153274, 831, 41.0, 0.0, 0.20398446917533875, 0.05 
153391, 832, 21.0, 1.0, 0.3571736216545105, 0.05 
153669, 833, 43.0, 1.0, 0.32448044419288635, 0.05 
153843, 834, 36.0, 0.0, 0.20615966618061066, 0.05 
154077, 835, 42.0, 1.0, 0.23408731818199158, 0.05 
154245, 836, 31.0, 1.0, 0.1511545181274414, 0.05 
154474, 837, 38.0, 1.0, 0.18775160610675812, 0.05 
154692, 838, 39.0, 0.0, 0.2289039045572281, 0.05 
154962, 839, 40.0, 0.0, 0.08581927418708801, 0.05 
155127, 840, 35.0, 1.0, 0.3559147119522095, 0.05 
155373, 841, 43.0, 1.0, 0.13676907122135162, 0.05 
155616, 842, 86.0, 0.0, 0.25338345766067505, 0.05 
155840, 843, 37.0, 0.0, 0.17565679550170898, 0.05 
156063, 844, 28.0, 0.0, 0.06408233195543289, 0.05 
156229, 845, 30.0, 0.0, 0.29870784282684326, 0.05 
156488, 846, 40.0, 1.0, 0.11121723055839539, 0.05 
156715, 847, 36.0, 0.0, 0.31612488627433777, 0.05 
156952, 848, 35.0, 1.0, 0.19841885566711426, 0.05 
157185, 849, 39.0, 1.0, 0.14552316069602966, 0.05 
157385, 850, 29.0, 1.0, 0.26748064160346985, 0.05 
157652, 851, 42.0, 0.0, 0.10657452791929245, 0.05 
157848, 852, 41.0, -1.0, 0.23295986652374268, 0.05 
158079, 853, 41.0, 1.0, 0.10171292722225189, 0.05 
158351, 854, 42.0, 1.0, 0.16603899002075195, 0.05 
158568, 855, 37.0, 0.0, 0.37328779697418213, 0.05 
158736, 856, 38.0, 1.0, 0.07126890122890472, 0.05 
158958, 857, 41.0, 1.0, 0.10331868380308151, 0.05 
159205, 858, 42.0, 1.0, 0.2565481662750244, 0.05 
159394, 859, 33.0, 1.0, 0.11076318472623825, 0.05 
159566, 860, 30.0, 0.0, 0.11558981984853745, 0.05 
159728, 861, 27.0, 1.0, 0.14568692445755005, 0.05 
159943, 862, 42.0, 1.0, 0.2398228943347931, 0.05 
160204, 863, 43.0, 1.0, 0.16007810831069946, 0.05 
160424, 864, 35.0, 1.0, 0.20921166241168976, 0.05 
160623, 865, 42.0, 0.0, 0.11243757605552673, 0.05 
160782, 866, 33.0, 0.0, 0.12124145776033401, 0.05 
160986, 867, 31.0, 1.0, 0.18950599431991577, 0.05 
161145, 868, 33.0, 1.0, 0.14263129234313965, 0.05 
161374, 869, 40.0, 0.0, 0.19394811987876892, 0.05 
161605, 870, 37.0, 1.0, 0.1773712933063507, 0.05 
161849, 871, 39.0, 1.0, 0.22698238492012024, 0.05 
162083, 872, 38.0, 1.0, 0.17037922143936157, 0.05 
162265, 873, 37.0, 1.0, 0.2342086136341095, 0.05 
162482, 874, 38.0, 0.0, 0.23588231205940247, 0.05 
162745, 875, 41.0, 0.0, 0.25210708379745483, 0.05 
162966, 876, 41.0, 1.0, 0.1602640450000763, 0.05 
163145, 877, 35.0, 0.0, 0.19392934441566467, 0.05 
163415, 878, 42.0, 1.0, 0.31612205505371094, 0.05 
163680, 879, 41.0, 1.0, 0.14106565713882446, 0.05 
163973, 880, 44.0, 0.0, 0.11034174263477325, 0.05 
164165, 881, 30.0, 1.0, 0.26966413855552673, 0.05 
164402, 882, 39.0, 0.0, 0.20385847985744476, 0.05 
164674, 883, 42.0, 1.0, 0.26531416177749634, 0.05 
164861, 884, 34.0, 1.0, 0.20316541194915771, 0.05 
165049, 885, 38.0, 1.0, 0.4281466603279114, 0.05 
165246, 886, 40.0, 1.0, 0.25103119015693665, 0.05 
165438, 887, 38.0, 1.0, 0.19538992643356323, 0.05 
165597, 888, 30.0, 0.0, 0.19830161333084106, 0.05 
165831, 889, 41.0, 1.0, 0.2920944392681122, 0.05 
166017, 890, 35.0, 1.0, 0.17476224899291992, 0.05 
166158, 891, 27.0, 1.0, 0.17937877774238586, 0.05 
166341, 892, 38.0, 1.0, 0.21616774797439575, 0.05 
166561, 893, 45.0, 1.0, 0.19690215587615967, 0.05 
166819, 894, 39.0, 0.0, 0.19904305040836334, 0.05 
167004, 895, 37.0, 1.0, 0.1629905104637146, 0.05 
167222, 896, 39.0, 0.0, 0.20989923179149628, 0.05 
167453, 897, 39.0, 0.0, 0.3389381766319275, 0.05 
167640, 898, 35.0, 1.0, 0.27160605788230896, 0.05 
167911, 899, 37.0, 1.0, 0.09430635720491409, 0.05 
168117, 900, 31.0, 0.0, 0.29356104135513306, 0.05 
168343, 901, 42.0, 1.0, 0.26183897256851196, 0.05 
168614, 902, 45.0, 1.0, 0.22533056139945984, 0.05 
168798, 903, 33.0, 1.0, 0.07253366708755493, 0.05 
168982, 904, 34.0, 1.0, 0.06438244134187698, 0.05 
169223, 905, 37.0, 1.0, 0.13941970467567444, 0.05 
169406, 906, 34.0, 0.0, 0.20131145417690277, 0.05 
169546, 907, 27.0, 1.0, 0.12169842422008514, 0.05 
169785, 908, 41.0, 1.0, 0.2186172902584076, 0.05 
169967, 909, 35.0, 0.0, 0.2659533619880676, 0.05 
170293, 910, 40.0, 1.0, 0.17295598983764648, 0.05 
170516, 911, 43.0, 1.0, 0.22065114974975586, 0.05 
170771, 912, 85.0, 1.0, 0.25494909286499023, 0.05 
170999, 913, 37.0, 1.0, 0.37606531381607056, 0.05 
171216, 914, 36.0, 1.0, 0.2515997290611267, 0.05 
171455, 915, 111.0, 0.0, 0.19139498472213745, 0.05 
171773, 916, 42.0, 1.0, 0.13561880588531494, 0.05 
172017, 917, 36.0, 0.0, 0.3330855667591095, 0.05 
172201, 918, 38.0, 1.0, 0.2796648144721985, 0.05 
172367, 919, 31.0, 1.0, 0.10487808287143707, 0.05 
172593, 920, 38.0, 1.0, 0.15745827555656433, 0.05 
172912, 921, 95.0, 0.0, 0.1601315438747406, 0.05 
173090, 922, 35.0, 0.0, 0.28849107027053833, 0.05 
173312, 923, 37.0, 0.0, 0.07540454715490341, 0.05 
173549, 924, 42.0, 1.0, 0.13833938539028168, 0.05 
173739, 925, 36.0, 0.0, 0.2691606283187866, 0.05 
173889, 926, 30.0, 1.0, 0.22547781467437744, 0.05 
174156, 927, 41.0, 1.0, 0.21106502413749695, 0.05 
174348, 928, 41.0, 1.0, 0.1508057862520218, 0.05 
174520, 929, 29.0, 0.0, 0.13645625114440918, 0.05 
174776, 930, 42.0, 0.0, 0.2618471086025238, 0.05 
174983, 931, 39.0, 1.0, 0.39075279235839844, 0.05 
175219, 932, 41.0, 0.0, 0.05466104671359062, 0.05 
175474, 933, 41.0, 1.0, 0.09727033972740173, 0.05 
175637, 934, 34.0, 0.0, 0.16221684217453003, 0.05 
175880, 935, 42.0, 0.0, 0.18464723229408264, 0.05 
176076, 936, 34.0, 1.0, 0.08330030739307404, 0.05 
176380, 937, 46.0, 0.0, 0.1525936722755432, 0.05 
176683, 938, 44.0, 1.0, 0.16408708691596985, 0.05 
176844, 939, 32.0, 0.0, 0.18941950798034668, 0.05 
177100, 940, 35.0, 0.0, 0.26164504885673523, 0.05 
177317, 941, 32.0, 0.0, 0.15220722556114197, 0.05 
177584, 942, 42.0, 0.0, 0.14899936318397522, 0.05 
177814, 943, 41.0, 0.0, 0.18613740801811218, 0.05 
178010, 944, 38.0, 1.0, 0.15745025873184204, 0.05 
178257, 945, 35.0, 1.0, 0.21250712871551514, 0.05 
178576, 946, 44.0, 0.0, 0.26292338967323303, 0.05 
178815, 947, 37.0, 0.0, 0.23584245145320892, 0.05 
179145, 948, 86.0, 1.0, 0.3116950988769531, 0.05 
179343, 949, 40.0, 1.0, 0.1405823826789856, 0.05 
179586, 950, 42.0, 1.0, 0.13957688212394714, 0.05 
179856, 951, 45.0, 1.0, 0.15499815344810486, 0.05 
180089, 952, 39.0, 0.0, 0.11510588228702545, 0.05 
180357, 953, 44.0, 1.0, 0.18101248145103455, 0.05 
180580, 954, 41.0, 1.0, 0.2267436981201172, 0.05 
180849, 955, 44.0, 1.0, 0.1924510896205902, 0.05 
180992, 956, 26.0, 1.0, 0.29613345861434937, 0.05 
181141, 957, 27.0, 1.0, 0.16951200366020203, 0.05 
181321, 958, 33.0, 1.0, 0.3171115517616272, 0.05 
181566, 959, 42.0, 1.0, 0.06921391189098358, 0.05 
181745, 960, 38.0, 0.0, 0.3311804234981537, 0.05 
181957, 961, 39.0, 1.0, 0.2389390468597412, 0.05 
182185, 962, 40.0, 1.0, 0.16579848527908325, 0.05 
182409, 963, 38.0, -1.0, 0.18750512599945068, 0.05 
182649, 964, 41.0, 1.0, 0.07665950804948807, 0.05 
182898, 965, 42.0, 1.0, 0.2571282982826233, 0.05 
183176, 966, 97.0, 0.0, 0.1898001730442047, 0.05 
183337, 967, 36.0, 1.0, 0.20749270915985107, 0.05 
183600, 968, 91.0, 0.0, 0.20539307594299316, 0.05 
183861, 969, 43.0, 0.0, 0.1250694841146469, 0.05 
184094, 970, 44.0, 1.0, 0.12210437655448914, 0.05 
184322, 971, 37.0, 1.0, 0.14648282527923584, 0.05 
184643, 972, 39.0, 1.0, 0.2837466597557068, 0.05 
184907, 973, 36.0, 1.0, 0.23340444266796112, 0.05 
185152, 974, 40.0, 0.0, 0.15747720003128052, 0.05 
185413, 975, 42.0, 1.0, 0.21799513697624207, 0.05 
185623, 976, 37.0, 1.0, 0.2891715168952942, 0.05 
185853, 977, 40.0, 0.0, 0.29435333609580994, 0.05 
186076, 978, 40.0, 1.0, 0.17661325633525848, 0.05 
186294, 979, 42.0, 1.0, 0.08297495543956757, 0.05 
186521, 980, 36.0, 1.0, 0.052097368985414505, 0.05 
186688, 981, 34.0, 1.0, 0.12128884345293045, 0.05 
186916, 982, 41.0, 1.0, 0.13621929287910461, 0.05 
187143, 983, 32.0, 1.0, 0.16117919981479645, 0.05 
187432, 984, 43.0, 1.0, 0.20183758437633514, 0.05 
187653, 985, 37.0, 1.0, 0.15570683777332306, 0.05 
187962, 986, 46.0, 1.0, 0.2926940619945526, 0.05 
188230, 987, 39.0, 1.0, 0.21764478087425232, 0.05 
188471, 988, 37.0, 1.0, 0.17512744665145874, 0.05 
188628, 989, 27.0, 1.0, 0.10633045434951782, 0.05 
188846, 990, 33.0, 0.0, 0.22848519682884216, 0.05 
189032, 991, 31.0, 0.0, 0.21195483207702637, 0.05 
189291, 992, 41.0, 0.0, 0.2207980751991272, 0.05 
189515, 993, 37.0, 1.0, 0.05176926031708717, 0.05 
189693, 994, 39.0, 1.0, 0.22092477977275848, 0.05 
189906, 995, 43.0, 1.0, 0.15178681910037994, 0.05 
190210, 996, 43.0, 0.0, 0.21660758554935455, 0.05 
190434, 997, 37.0, 1.0, 0.16404087841510773, 0.05 
